n = 37;
m = 5;
q = 100;
d = [12, 5, 8, 12, 18, 12, 11, 19, 23, 8, 25, 1, 5, 17, 13, 9, 13, 19, 5, 26, 9, 20, 21, 8, 12, 13, 12, 4, 19, 25, 7, 3, 2, 24, 13, 14, 14, 0, 0, 0, 0, 0, 0, 0, 0, 0, 0];
c = [| 0, 80993, 12165, 21540, 84852, 34058, 84214, 56035, 63245, 41231, 93680, 16124, 90000, 79624, 111516, 25059, 84852, 44407, 42426, 86371, 48373, 92779, 50596, 76026, 28844, 26076, 92195, 56320, 32249, 34000, 59665, 87863, 58309, 34058, 58821, 87726, 61351, 71693, 71693, 71693, 71693, 71693, 71693, 71693, 71693, 71693, 71693 | 80993, 0, 76967, 87726, 58240, 57201, 52497, 36055, 17888, 41036, 73375, 67082, 10770, 10770, 30528, 86556, 17888, 44944, 46043, 40249, 32802, 60926, 52153, 10000, 74404, 58309, 67675, 51419, 53814, 47201, 58855, 31622, 38470, 54037, 51419, 16492, 64776, 16124, 16124, 16124, 16124, 16124, 16124, 16124, 16124, 16124, 16124 | 12165, 76967, 0, 33526, 89286, 38626, 87863, 48083, 59093, 40199, 99538, 10198, 85088, 77201, 107331, 36769, 78409, 46389, 44407, 88090, 45607, 97015, 40249, 73375, 38209, 18867, 97406, 60728, 34928, 32249, 65391, 88204, 49678, 37363, 48332, 81608, 68000, 69856, 69856, 69856, 69856, 69856, 69856, 69856, 69856, 69856, 69856 | 21540, 87726, 33526, 0, 76419, 31622, 77278, 70228, 71217, 46861, 82219, 34000, 97836, 83737, 117456, 4472, 95414, 44407, 42801, 82873, 55605, 84380, 68468, 80721, 16492, 42426, 82000, 50000, 33941, 42190, 50358, 86764, 73375, 34058, 76655, 97652, 50000, 75286, 75286, 75286, 75286, 75286, 75286, 75286, 75286, 75286, 75286 | 84852, 58240, 89286, 76419, 0, 50990, 6000, 77897, 57688, 53851, 15231, 80324, 67082, 47539, 72691, 72691, 75894, 43863, 45694, 20099, 55317, 8000, 90686, 48703, 60133, 77820, 10000, 28635, 54405, 60827, 26076, 30066, 82219, 51923, 94762, 74726, 27202, 43863, 43863, 43863, 43863, 43863, 43863, 43863, 43863, 43863, 43863 | 34058, 57201, 38626, 31622, 50990, 0, 50159, 48041, 42047, 18439, 60926, 30528, 67675, 52345, 86278, 29732, 67230, 12806, 11313, 52952, 27202, 58855, 53141, 49517, 17204, 31240, 58821, 22360, 6324, 18439, 26832, 55713, 52153, 4000, 60166, 68876, 30000, 43863, 43863, 43863, 43863, 43863, 43863, 43863, 43863, 43863, 43863 | 84214, 52497, 87863, 77278, 6000, 50159, 0, 73539, 52801, 50990, 20880, 78587, 61188, 41761, 66753, 73756, 70228, 41761, 43680, 14142, 51613, 10000, 86833, 43081, 60827, 75392, 15231, 28000, 52952, 58309, 27202, 24083, 77794, 50635, 90553, 68963, 29529, 38470, 38470, 38470, 38470, 38470, 38470, 38470, 38470, 38470, 38470 | 56035, 36055, 48083, 70228, 77897, 48041, 73539, 0, 22360, 30594, 92455, 40000, 40792, 41761, 63560, 70880, 31304, 41761, 41231, 66030, 24166, 83450, 16124, 37947, 62513, 30000, 87863, 57271, 42000, 30066, 65391, 60827, 4472, 44045, 17204, 34928, 70936, 38470, 38470, 38470, 38470, 38470, 38470, 38470, 38470, 38470, 38470 | 63245, 17888, 59093, 71217, 57688, 42047, 52801, 22360, 0, 24413, 72718, 49193, 26907, 20099, 48373, 70455, 25298, 31048, 31622, 44045, 15620, 62481, 37947, 16124, 59059, 40496, 67675, 42190, 37735, 29732, 50358, 38470, 26076, 38470, 39446, 26832, 56320, 16124, 16124, 16124, 16124, 16124, 16124, 16124, 16124, 16124, 16124 | 41231, 41036, 40199, 46861, 53851, 18439, 50990, 30594, 24413, 0, 66843, 30066, 50990, 38470, 71217, 46043, 49193, 11661, 10770, 48662, 8944, 60827, 38832, 34985, 34928, 24738, 63245, 28425, 13416, 8000, 36055, 48041, 34928, 14560, 44721, 51107, 41182, 30463, 30463, 30463, 30463, 30463, 30463, 30463, 30463, 30463, 30463 | 93680, 73375, 99538, 82219, 15231, 60926, 20880, 92455, 72718, 66843, 0, 91235, 82000, 62641, 86092, 78102, 91082, 56035, 57688, 34234, 69310, 14142, 104651, 63906, 66753, 89888, 6000, 39446, 65299, 73239, 34176, 44181, 96829, 62609, 109123, 89844, 32557, 59093, 59093, 59093, 59093, 59093, 59093, 59093, 59093, 59093, 59093 | 16124, 67082, 10198, 34000, 80324, 30528, 78587, 40000, 49193, 30066, 91235, 0, 75471, 67052, 97529, 36221, 69426, 36878, 34928, 78230, 35440, 87931, 34928, 63245, 34000, 10000, 88769, 52000, 26000, 22090, 57306, 78102, 42190, 28635, 43174, 72470, 60464, 59665, 59665, 59665, 59665, 59665, 59665, 59665, 59665, 59665, 59665 | 90000, 10770, 85088, 97836, 67082, 67675, 61188, 40792, 26907, 50990, 82000, 75471, 0, 20000, 22803, 96829, 13416, 55569, 56603, 48083, 42426, 68963, 56320, 20396, 84876, 66241, 76157, 62096, 64031, 56639, 69426, 38626, 42190, 64404, 54037, 10000, 75312, 26683, 26683, 26683, 26683, 26683, 26683, 26683, 26683, 26683, 26683 | 79624, 10770, 77201, 83737, 47539, 52345, 41761, 41761, 20099, 38470, 62641, 67052, 20000, 0, 34058, 82073, 28635, 39597, 41036, 29529, 31622, 50159, 57723, 4000, 69310, 59228, 56920, 43081, 50000, 45694, 50000, 21260, 44944, 49678, 58309, 27202, 55785, 8485, 8485, 8485, 8485, 8485, 8485, 8485, 8485, 8485, 8485 | 111516, 30528, 107331, 117456, 72691, 86278, 66753, 63560, 48373, 71217, 86092, 97529, 22803, 34058, 0, 115965, 34000, 73593, 74966, 52611, 63245, 72027, 78917, 36769, 103324, 88566, 80099, 76157, 83546, 77665, 82292, 42755, 64776, 83450, 76105, 30000, 87726, 42520, 42520, 42520, 42520, 42520, 42520, 42520, 42520, 42520, 42520 | 25059, 86556, 36769, 4472, 72691, 29732, 73756, 70880, 70455, 46043, 78102, 36221, 96829, 82073, 115965, 0, 95015, 42520, 41036, 79849, 54918, 80622, 70114, 79195, 13416, 44045, 78025, 46818, 32802, 42047, 46690, 84118, 74215, 32557, 78230, 97097, 46043, 73593, 73593, 73593, 73593, 73593, 73593, 73593, 73593, 73593, 73593 | 84852, 17888, 78409, 95414, 75894, 67230, 70228, 31304, 25298, 49193, 91082, 69426, 13416, 28635, 34000, 95015, 0, 56320, 56920, 58137, 40249, 78790, 45607, 27202, 84095, 59665, 85440, 66121, 62609, 53254, 74027, 49396, 31622, 63560, 42190, 4000, 80024, 32557, 32557, 32557, 32557, 32557, 32557, 32557, 32557, 32557, 32557 | 44407, 44944, 46389, 44407, 43863, 12806, 41761, 41761, 31048, 11661, 56035, 36878, 55569, 39597, 73593, 42520, 56320, 0, 2000, 42047, 18110, 51264, 50477, 36878, 29732, 34000, 52839, 16970, 12165, 17204, 24413, 43680, 46173, 10770, 56356, 57584, 29529, 31112, 31112, 31112, 31112, 31112, 31112, 31112, 31112, 31112, 31112 | 42426, 46043, 44407, 42801, 45694, 11313, 43680, 41231, 31622, 10770, 57688, 34928, 56603, 41036, 74966, 41036, 56920, 2000, 0, 44045, 18000, 53141, 49396, 38209, 28425, 32249, 54589, 18439, 10198, 15620, 25612, 45607, 45607, 8944, 55461, 58309, 30528, 32557, 32557, 32557, 32557, 32557, 32557, 32557, 32557, 32557, 32557 | 86371, 40249, 88090, 82873, 20099, 52952, 14142, 66030, 44045, 48662, 34234, 78230, 48083, 29529, 52611, 79849, 58137, 42047, 44045, 0, 46818, 20880, 80622, 31622, 66483, 73348, 28284, 33105, 54147, 56568, 35608, 10000, 70000, 52345, 83234, 56462, 39597, 28284, 28284, 28284, 28284, 28284, 28284, 28284, 28284, 28284, 28284 | 48373, 32802, 45607, 55605, 55317, 27202, 51613, 24166, 15620, 8944, 69310, 35440, 42426, 31622, 63245, 54918, 40249, 18110, 18000, 46818, 0, 61611, 35383, 27856, 43863, 28071, 65115, 33105, 22360, 14422, 41231, 44407, 28635, 23409, 40000, 42190, 46818, 24331, 24331, 24331, 24331, 24331, 24331, 24331, 24331, 24331, 24331 | 92779, 60926, 97015, 84380, 8000, 58855, 10000, 83450, 62481, 60827, 14142, 87931, 68963, 50159, 72027, 80622, 78790, 51264, 53141, 20880, 61611, 0, 96829, 51884, 68117, 85088, 8246, 36496, 62096, 68029, 34058, 30594, 87681, 59665, 100498, 77252, 34928, 47707, 47707, 47707, 47707, 47707, 47707, 47707, 47707, 47707, 47707 | 50596, 52153, 40249, 68468, 90686, 53141, 86833, 16124, 37947, 38832, 104651, 34928, 56320, 57723, 78917, 70114, 45607, 50477, 49396, 80622, 35383, 96829, 0, 53851, 64498, 26076, 100498, 67201, 46818, 34928, 74886, 76157, 14142, 49396, 8246, 49477, 79924, 53851, 53851, 53851, 53851, 53851, 53851, 53851, 53851, 53851, 53851 | 76026, 10000, 73375, 80721, 48703, 49517, 43081, 37947, 16124, 34985, 63906, 63245, 20396, 4000, 36769, 79195, 27202, 36878, 38209, 31622, 27856, 51884, 53851, 0, 66603, 55317, 58309, 41761, 46861, 42047, 49030, 24083, 41231, 46690, 54626, 26305, 54918, 6324, 6324, 6324, 6324, 6324, 6324, 6324, 6324, 6324, 6324 | 28844, 74404, 38209, 16492, 60133, 17204, 60827, 62513, 59059, 34928, 66753, 34000, 84876, 69310, 103324, 13416, 84095, 29732, 28425, 66483, 43863, 68117, 64498, 66603, 0, 39293, 66121, 33526, 21540, 32557, 34058, 70710, 66272, 20591, 72249, 85883, 34234, 60827, 60827, 60827, 60827, 60827, 60827, 60827, 60827, 60827, 60827 | 26076, 58309, 18867, 42426, 77820, 31240, 75392, 30000, 40496, 24738, 89888, 10000, 66241, 59228, 88566, 44045, 59665, 34000, 32249, 73348, 28071, 85088, 26076, 55317, 39293, 0, 86833, 50477, 25455, 17088, 56850, 72111, 32249, 28284, 34234, 62801, 60827, 52345, 52345, 52345, 52345, 52345, 52345, 52345, 52345, 52345, 52345 | 92195, 67675, 97406, 82000, 10000, 58821, 15231, 87863, 67675, 63245, 6000, 88769, 76157, 56920, 80099, 78025, 85440, 52839, 54589, 28284, 65115, 8246, 100498, 58309, 66121, 86833, 0, 36769, 62769, 69971, 32557, 38209, 92195, 60166, 104690, 84118, 32000, 53665, 53665, 53665, 53665, 53665, 53665, 53665, 53665, 53665, 53665 | 56320, 51419, 60728, 50000, 28635, 22360, 28000, 57271, 42190, 28425, 39446, 52000, 62096, 43081, 76157, 46818, 66121, 16970, 18439, 33105, 33105, 36496, 67201, 41761, 33526, 50477, 36769, 0, 26000, 34058, 8246, 38418, 61741, 23409, 72718, 66483, 14142, 35440, 35440, 35440, 35440, 35440, 35440, 35440, 35440, 35440, 35440 | 32249, 53814, 34928, 33941, 54405, 6324, 52952, 42000, 37735, 13416, 65299, 26000, 64031, 50000, 83546, 32802, 62609, 12165, 10198, 54147, 22360, 62096, 46818, 46861, 21540, 25455, 62769, 26000, 0, 12165, 31622, 55785, 46043, 2828, 53851, 64498, 35383, 41617, 41617, 41617, 41617, 41617, 41617, 41617, 41617, 41617, 41617 | 34000, 47201, 32249, 42190, 60827, 18439, 58309, 30066, 29732, 8000, 73239, 22090, 56639, 45694, 77665, 42047, 53254, 17204, 15620, 56568, 14422, 68029, 34928, 42047, 32557, 17088, 69971, 34058, 12165, 0, 41036, 56035, 34000, 14560, 41761, 55605, 45607, 37947, 37947, 37947, 37947, 37947, 37947, 37947, 37947, 37947, 37947 | 59665, 58855, 65391, 50358, 26076, 26832, 27202, 65391, 50358, 36055, 34176, 57306, 69426, 50000, 82292, 46690, 74027, 24413, 25612, 35608, 41231, 34058, 74886, 49030, 34058, 56850, 32557, 8246, 31622, 41036, 0, 42520, 69856, 28844, 80622, 74242, 6000, 42755, 42755, 42755, 42755, 42755, 42755, 42755, 42755, 42755, 42755 | 87863, 31622, 88204, 86764, 30066, 55713, 24083, 60827, 38470, 48041, 44181, 78102, 38626, 21260, 42755, 84118, 49396, 43680, 45607, 10000, 44407, 30594, 76157, 24083, 70710, 72111, 38209, 38418, 55785, 56035, 42520, 0, 64498, 54405, 77897, 47413, 47201, 22360, 22360, 22360, 22360, 22360, 22360, 22360, 22360, 22360, 22360 | 58309, 38470, 49678, 73375, 82219, 52153, 77794, 4472, 26076, 34928, 96829, 42190, 42190, 44944, 64776, 74215, 31622, 46173, 45607, 70000, 28635, 87681, 14142, 41231, 66272, 32249, 92195, 61741, 46043, 34000, 69856, 64498, 0, 48166, 13416, 35440, 75392, 42190, 42190, 42190, 42190, 42190, 42190, 42190, 42190, 42190, 42190 | 34058, 54037, 37363, 34058, 51923, 4000, 50635, 44045, 38470, 14560, 62609, 28635, 64404, 49678, 83450, 32557, 63560, 10770, 8944, 52345, 23409, 59665, 49396, 46690, 20591, 28284, 60166, 23409, 2828, 14560, 28844, 54405, 48166, 0, 56320, 65299, 32557, 41231, 41231, 41231, 41231, 41231, 41231, 41231, 41231, 41231, 41231 | 58821, 51419, 48332, 76655, 94762, 60166, 90553, 17204, 39446, 44721, 109123, 43174, 54037, 58309, 76105, 78230, 42190, 56356, 55461, 83234, 40000, 100498, 8246, 54626, 72249, 34234, 104690, 72718, 53851, 41761, 80622, 77897, 13416, 56320, 0, 46173, 85883, 55569, 55569, 55569, 55569, 55569, 55569, 55569, 55569, 55569, 55569 | 87726, 16492, 81608, 97652, 74726, 68876, 68963, 34928, 26832, 51107, 89844, 72470, 10000, 27202, 30000, 97097, 4000, 57584, 58309, 56462, 42190, 77252, 49477, 26305, 85883, 62801, 84118, 66483, 64498, 55605, 74242, 47413, 35440, 65299, 46173, 0, 80224, 32062, 32062, 32062, 32062, 32062, 32062, 32062, 32062, 32062, 32062 | 61351, 64776, 68000, 50000, 27202, 30000, 29529, 70936, 56320, 41182, 32557, 60464, 75312, 55785, 87726, 46043, 80024, 29529, 30528, 39597, 46818, 34928, 79924, 54918, 34234, 60827, 32000, 14142, 35383, 45607, 6000, 47201, 75392, 32557, 85883, 80224, 0, 48662, 48662, 48662, 48662, 48662, 48662, 48662, 48662, 48662, 48662 | 71693, 16124, 69856, 75286, 43863, 43863, 38470, 38470, 16124, 30463, 59093, 59665, 26683, 8485, 42520, 73593, 32557, 31112, 32557, 28284, 24331, 47707, 53851, 6324, 60827, 52345, 53665, 35440, 41617, 37947, 42755, 22360, 42190, 41231, 55569, 32062, 48662, 0, 0, 0, 0, 0, 0, 0, 0, 0, 0 | 71693, 16124, 69856, 75286, 43863, 43863, 38470, 38470, 16124, 30463, 59093, 59665, 26683, 8485, 42520, 73593, 32557, 31112, 32557, 28284, 24331, 47707, 53851, 6324, 60827, 52345, 53665, 35440, 41617, 37947, 42755, 22360, 42190, 41231, 55569, 32062, 48662, 0, 0, 0, 0, 0, 0, 0, 0, 0, 0 | 71693, 16124, 69856, 75286, 43863, 43863, 38470, 38470, 16124, 30463, 59093, 59665, 26683, 8485, 42520, 73593, 32557, 31112, 32557, 28284, 24331, 47707, 53851, 6324, 60827, 52345, 53665, 35440, 41617, 37947, 42755, 22360, 42190, 41231, 55569, 32062, 48662, 0, 0, 0, 0, 0, 0, 0, 0, 0, 0 | 71693, 16124, 69856, 75286, 43863, 43863, 38470, 38470, 16124, 30463, 59093, 59665, 26683, 8485, 42520, 73593, 32557, 31112, 32557, 28284, 24331, 47707, 53851, 6324, 60827, 52345, 53665, 35440, 41617, 37947, 42755, 22360, 42190, 41231, 55569, 32062, 48662, 0, 0, 0, 0, 0, 0, 0, 0, 0, 0 | 71693, 16124, 69856, 75286, 43863, 43863, 38470, 38470, 16124, 30463, 59093, 59665, 26683, 8485, 42520, 73593, 32557, 31112, 32557, 28284, 24331, 47707, 53851, 6324, 60827, 52345, 53665, 35440, 41617, 37947, 42755, 22360, 42190, 41231, 55569, 32062, 48662, 0, 0, 0, 0, 0, 0, 0, 0, 0, 0 | 71693, 16124, 69856, 75286, 43863, 43863, 38470, 38470, 16124, 30463, 59093, 59665, 26683, 8485, 42520, 73593, 32557, 31112, 32557, 28284, 24331, 47707, 53851, 6324, 60827, 52345, 53665, 35440, 41617, 37947, 42755, 22360, 42190, 41231, 55569, 32062, 48662, 0, 0, 0, 0, 0, 0, 0, 0, 0, 0 | 71693, 16124, 69856, 75286, 43863, 43863, 38470, 38470, 16124, 30463, 59093, 59665, 26683, 8485, 42520, 73593, 32557, 31112, 32557, 28284, 24331, 47707, 53851, 6324, 60827, 52345, 53665, 35440, 41617, 37947, 42755, 22360, 42190, 41231, 55569, 32062, 48662, 0, 0, 0, 0, 0, 0, 0, 0, 0, 0 | 71693, 16124, 69856, 75286, 43863, 43863, 38470, 38470, 16124, 30463, 59093, 59665, 26683, 8485, 42520, 73593, 32557, 31112, 32557, 28284, 24331, 47707, 53851, 6324, 60827, 52345, 53665, 35440, 41617, 37947, 42755, 22360, 42190, 41231, 55569, 32062, 48662, 0, 0, 0, 0, 0, 0, 0, 0, 0, 0 | 71693, 16124, 69856, 75286, 43863, 43863, 38470, 38470, 16124, 30463, 59093, 59665, 26683, 8485, 42520, 73593, 32557, 31112, 32557, 28284, 24331, 47707, 53851, 6324, 60827, 52345, 53665, 35440, 41617, 37947, 42755, 22360, 42190, 41231, 55569, 32062, 48662, 0, 0, 0, 0, 0, 0, 0, 0, 0, 0 | 71693, 16124, 69856, 75286, 43863, 43863, 38470, 38470, 16124, 30463, 59093, 59665, 26683, 8485, 42520, 73593, 32557, 31112, 32557, 28284, 24331, 47707, 53851, 6324, 60827, 52345, 53665, 35440, 41617, 37947, 42755, 22360, 42190, 41231, 55569, 32062, 48662, 0, 0, 0, 0, 0, 0, 0, 0, 0, 0 |];
lower_b = 150572;
upper_b = 3496733;
