n = 36;
m = 5;
q = 100;
d = [16, 18, 1, 13, 8, 23, 7, 27, 1, 3, 6, 24, 19, 2, 5, 16, 7, 4, 22, 7, 23, 16, 2, 2, 9, 2, 12, 1, 9, 23, 6, 19, 7, 7, 20, 20, 0, 0, 0, 0, 0, 0, 0, 0, 0, 0];
c = [| 0, 37215, 19209, 45276, 40607, 53758, 30413, 46872, 42485, 29206, 55605, 15524, 26019, 22472, 23086, 17204, 17804, 66528, 39319, 36674, 16492, 21840, 26870, 35468, 47413, 50774, 52497, 52000, 50089, 42801, 55542, 49335, 44911, 33955, 59413, 37656, 21000, 21000, 21000, 21000, 21000, 21000, 21000, 21000, 21000, 21000 | 37215, 0, 52554, 75026, 46861, 35000, 61400, 57306, 45694, 19798, 48093, 22000, 42190, 24083, 60299, 51351, 27459, 98979, 9219, 20396, 53000, 46238, 29206, 44102, 74813, 85796, 57939, 88323, 87281, 77077, 91760, 86122, 60959, 71021, 91065, 74813, 58137, 58137, 58137, 58137, 58137, 58137, 58137, 58137, 58137, 58137 | 19209, 52554, 0, 50566, 58189, 72917, 37363, 37443, 38600, 48104, 54378, 33015, 43011, 31144, 17029, 25079, 26305, 47634, 51971, 45011, 19416, 36496, 31256, 30805, 28792, 33241, 44821, 36345, 39849, 24596, 39623, 35000, 59076, 22135, 40311, 26248, 17492, 17492, 17492, 17492, 17492, 17492, 17492, 17492, 17492, 17492 | 45276, 75026, 50566, 0, 41000, 70455, 14866, 87709, 86400, 57489, 100568, 55072, 34365, 67475, 34481, 28319, 63031, 77665, 80498, 81024, 31906, 28792, 72138, 78816, 73824, 58855, 94667, 53160, 38013, 57008, 55973, 48083, 27294, 39000, 74431, 38209, 33241, 33241, 33241, 33241, 33241, 33241, 33241, 33241, 33241, 33241 | 40607, 46861, 58189, 41000, 0, 30016, 34669, 86023, 78917, 27202, 88232, 36878, 15231, 53366, 51613, 36619, 51478, 101788, 55217, 61741, 42720, 23021, 60207, 73246, 86977, 83600, 90448, 81394, 71400, 77698, 84899, 77077, 16492, 62481, 95880, 64381, 48826, 48826, 48826, 48826, 48826, 48826, 48826, 48826, 48826, 48826 | 53758, 35000, 72917, 70455, 30016, 0, 61684, 89493, 79075, 25238, 83054, 41340, 38275, 54083, 72670, 58668, 55036, 120216, 44045, 55145, 63513, 46615, 60728, 75894, 100209, 103711, 91443, 103469, 96607, 96260, 107074, 99859, 46270, 84314, 113172, 87132, 69892, 69892, 69892, 69892, 69892, 69892, 69892, 69892, 69892, 69892 | 30413, 61400, 37363, 14866, 34669, 61684, 0, 73824, 71847, 45099, 85796, 40718, 23537, 52630, 23021, 13601, 48166, 71309, 66309, 66287, 18027, 16000, 57280, 64350, 63000, 52392, 80529, 48548, 36878, 48507, 51865, 43829, 26419, 31016, 66760, 31764, 21023, 21023, 21023, 21023, 21023, 21023, 21023, 21023, 21023, 21023 | 46872, 57306, 37443, 87709, 86023, 89493, 73824, 0, 12806, 65513, 25079, 50358, 72443, 35440, 54405, 60539, 35355, 58008, 50803, 38418, 55901, 68658, 28792, 13601, 31256, 55362, 8062, 62649, 73006, 47423, 64621, 64007, 91782, 56639, 50089, 60307, 54918, 54918, 54918, 54918, 54918, 54918, 54918, 54918, 54918, 54918 | 42485, 45694, 38600, 86400, 78917, 79075, 71847, 12806, 0, 56142, 16155, 42190, 66483, 26000, 55317, 58249, 27459, 68359, 38587, 26076, 54671, 64078, 19000, 7810, 41194, 62968, 12369, 69375, 77369, 54341, 71805, 69892, 86648, 60033, 60207, 64007, 55172, 55172, 55172, 55172, 55172, 55172, 55172, 55172, 55172, 55172 | 29206, 19798, 48104, 57489, 27202, 25238, 45099, 65513, 56142, 0, 62968, 16124, 23409, 30265, 50159, 37854, 30364, 95671, 28017, 35440, 41436, 29154, 37215, 51971, 75000, 79881, 68359, 80529, 75960, 72006, 84118, 77388, 41231, 61741, 88413, 65000, 47539, 47539, 47539, 47539, 47539, 47539, 47539, 47539, 47539, 47539 | 55605, 48093, 54378, 100568, 88232, 83054, 85796, 25079, 16155, 62968, 0, 51623, 77388, 35341, 70802, 72249, 38587, 83006, 39319, 28017, 69310, 76321, 29154, 23706, 56035, 78854, 18973, 85440, 93471, 70342, 87800, 86034, 97943, 76059, 75006, 80062, 70434, 70434, 70434, 70434, 70434, 70434, 70434, 70434, 70434, 70434 | 15524, 22000, 33015, 55072, 36878, 41340, 40718, 50358, 42190, 16124, 51623, 0, 26076, 16492, 38470, 29614, 15033, 80603, 25632, 26907, 31000, 27018, 23345, 37054, 59033, 65764, 54009, 67416, 65375, 57454, 70936, 64845, 46647, 49477, 73109, 53150, 36221, 36221, 36221, 36221, 36221, 36221, 36221, 36221, 36221, 36221 | 26019, 42190, 43011, 34365, 15231, 38275, 23537, 72443, 66483, 23409, 77388, 26076, 0, 42047, 36878, 21931, 39217, 86838, 49040, 52801, 27802, 8602, 48466, 60207, 71784, 68883, 77466, 67208, 58668, 62681, 70767, 63126, 20591, 48083, 80777, 50328, 34058, 34058, 34058, 34058, 34058, 34058, 34058, 34058, 34058, 34058 | 22472, 24083, 31144, 67475, 53366, 54083, 52630, 35440, 26000, 30265, 35341, 16492, 42047, 0, 43174, 39661, 5099, 75584, 21189, 14560, 38483, 41400, 7000, 21840, 50803, 63788, 38118, 67475, 69584, 54817, 70710, 66068, 62609, 52153, 67535, 56222, 41761, 41761, 41761, 41761, 41761, 41761, 41761, 41761, 41761, 41761 | 23086, 60299, 17029, 34481, 51613, 72670, 23021, 54405, 55317, 50159, 70802, 38470, 36878, 43174, 0, 15000, 38078, 50249, 62072, 57723, 9219, 28600, 45310, 47507, 40012, 32015, 61846, 30805, 27018, 26400, 34409, 27294, 48083, 11661, 44777, 14866, 2828, 2828, 2828, 2828, 2828, 2828, 2828, 2828, 2828, 2828 | 17204, 51351, 25079, 28319, 36619, 58668, 13601, 60539, 58249, 37854, 72249, 29614, 21931, 39661, 15000, 0, 35000, 65192, 55081, 53712, 6324, 13601, 43931, 50774, 52611, 47010, 67082, 45343, 38275, 41182, 48918, 41400, 34365, 26172, 59481, 28600, 12206, 12206, 12206, 12206, 12206, 12206, 12206, 12206, 12206, 12206 | 17804, 27459, 26305, 63031, 51478, 55036, 48166, 35355, 27459, 30364, 38587, 15033, 39217, 5099, 38078, 35000, 0, 71589, 25709, 19646, 33541, 37735, 9433, 22022, 47507, 59203, 39051, 62649, 64498, 50289, 65924, 61131, 59615, 47095, 63631, 51156, 36687, 36687, 36687, 36687, 36687, 36687, 36687, 36687, 36687, 36687 | 66528, 98979, 47634, 77665, 101788, 120216, 71309, 58008, 68359, 95671, 83006, 80603, 86838, 75584, 50249, 65192, 71589, 0, 96664, 86977, 59076, 78771, 72801, 63150, 27166, 18973, 65192, 25019, 42011, 24207, 23086, 30066, 97575, 40311, 8246, 39849, 53000, 53000, 53000, 53000, 53000, 53000, 53000, 53000, 53000, 53000 | 39319, 9219, 51971, 80498, 55217, 44045, 66309, 50803, 38587, 28017, 39319, 25632, 49040, 21189, 62072, 55081, 25709, 96664, 0, 12529, 55731, 51971, 24413, 38209, 71344, 84899, 50537, 88283, 89022, 75960, 91591, 86579, 68593, 72062, 88566, 76026, 60207, 60207, 60207, 60207, 60207, 60207, 60207, 60207, 60207, 60207 | 36674, 20396, 45011, 81024, 61741, 55145, 66287, 38418, 26076, 35440, 28017, 26907, 52801, 14560, 57723, 53712, 19646, 86977, 12529, 0, 52924, 53758, 14317, 26248, 60835, 76791, 38013, 81098, 84011, 67742, 84214, 80006, 73239, 66483, 78771, 70576, 56320, 56320, 56320, 56320, 56320, 56320, 56320, 56320, 56320, 56320 | 16492, 53000, 19416, 31906, 42720, 63513, 18027, 55901, 54671, 41436, 69310, 31000, 27802, 38483, 9219, 6324, 33541, 59076, 55731, 52924, 0, 19723, 41880, 47010, 46389, 41109, 62769, 40000, 34713, 34985, 43600, 36359, 40607, 20808, 53235, 23706, 6403, 6403, 6403, 6403, 6403, 6403, 6403, 6403, 6403, 6403 | 21840, 46238, 36496, 28792, 23021, 46615, 16000, 68658, 64078, 29154, 76321, 27018, 8602, 41400, 28600, 13601, 37735, 78771, 51971, 53758, 19723, 0, 47169, 57245, 65000, 60605, 74330, 58694, 50119, 54708, 62241, 54561, 23194, 39623, 72945, 41773, 25806, 25806, 25806, 25806, 25806, 25806, 25806, 25806, 25806, 25806 | 26870, 29206, 31256, 72138, 60207, 60728, 57280, 28792, 19000, 37215, 29154, 23345, 48466, 7000, 45310, 43931, 9433, 72801, 24413, 14317, 41880, 47169, 0, 15231, 47010, 62513, 31144, 67007, 70830, 53460, 70064, 66121, 68942, 53150, 64621, 57271, 44283, 44283, 44283, 44283, 44283, 44283, 44283, 44283, 44283, 44283 | 35468, 44102, 30805, 78816, 73246, 75894, 64350, 13601, 7810, 51971, 23706, 37054, 60207, 21840, 47507, 50774, 22022, 63150, 38209, 26248, 47010, 57245, 15231, 0, 36138, 56320, 17262, 62369, 69778, 47518, 64938, 62641, 80081, 52354, 54918, 56356, 47381, 47381, 47381, 47381, 47381, 47381, 47381, 47381, 47381, 47381 | 47413, 74813, 28792, 73824, 86977, 100209, 63000, 31256, 41194, 75000, 56035, 59033, 71784, 50803, 40012, 52611, 47507, 27166, 71344, 60835, 46389, 65000, 47010, 36138, 0, 25806, 38832, 34058, 48010, 20000, 35227, 36796, 86977, 35735, 19026, 38078, 42011, 42011, 42011, 42011, 42011, 42011, 42011, 42011, 42011, 42011 | 50774, 85796, 33241, 58855, 83600, 103711, 52392, 55362, 62968, 79881, 78854, 65764, 68883, 63788, 32015, 47010, 59203, 18973, 84899, 76791, 41109, 60605, 62513, 56320, 25806, 0, 63324, 8602, 25000, 9055, 9433, 12649, 78721, 21470, 16124, 20880, 34828, 34828, 34828, 34828, 34828, 34828, 34828, 34828, 34828, 34828 | 52497, 57939, 44821, 94667, 90448, 91443, 80529, 8062, 12369, 68359, 18973, 54009, 77466, 38118, 61846, 67082, 39051, 65192, 50537, 38013, 62769, 74330, 31144, 17262, 38832, 63324, 0, 70682, 81024, 55461, 72615, 72069, 97267, 64536, 57428, 68249, 62201, 62201, 62201, 62201, 62201, 62201, 62201, 62201, 62201, 62201 | 52000, 88323, 36345, 53160, 81394, 103469, 48548, 62649, 69375, 80529, 85440, 67416, 67208, 67475, 30805, 45343, 62649, 25019, 88283, 81098, 40000, 58694, 67007, 62369, 34058, 8602, 70682, 0, 17117, 15231, 3605, 5099, 74946, 19209, 24041, 17029, 33600, 33600, 33600, 33600, 33600, 33600, 33600, 33600, 33600, 33600 | 50089, 87281, 39849, 38013, 71400, 96607, 36878, 73006, 77369, 75960, 93471, 65375, 58668, 69584, 27018, 38275, 64498, 42011, 89022, 84011, 34713, 50119, 70830, 69778, 48010, 25000, 81024, 17117, 0, 28017, 19026, 12369, 62369, 17720, 41000, 13601, 29154, 29154, 29154, 29154, 29154, 29154, 29154, 29154, 29154, 29154 | 42801, 77077, 24596, 57008, 77698, 96260, 48507, 47423, 54341, 72006, 70342, 57454, 62681, 54817, 26400, 41182, 50289, 24207, 75960, 67742, 34985, 54708, 53460, 47518, 20000, 9055, 55461, 15231, 28017, 0, 17464, 17029, 74330, 18027, 18384, 19235, 29068, 29068, 29068, 29068, 29068, 29068, 29068, 29068, 29068, 29068 | 55542, 91760, 39623, 55973, 84899, 107074, 51865, 64621, 71805, 84118, 87800, 70936, 70767, 70710, 34409, 48918, 65924, 23086, 91591, 84214, 43600, 62241, 70064, 64938, 35227, 9433, 72615, 3605, 19026, 17464, 0, 8062, 78230, 22803, 23259, 20518, 37202, 37202, 37202, 37202, 37202, 37202, 37202, 37202, 37202, 37202 | 49335, 86122, 35000, 48083, 77077, 99859, 43829, 64007, 69892, 77388, 86034, 64845, 63126, 66068, 27294, 41400, 61131, 30066, 86579, 80006, 36359, 54561, 66121, 62641, 36796, 12649, 72069, 5099, 12369, 17029, 8062, 0, 70178, 15652, 28635, 12806, 30016, 30016, 30016, 30016, 30016, 30016, 30016, 30016, 30016, 30016 | 44911, 60959, 59076, 27294, 16492, 46270, 26419, 91782, 86648, 41231, 97943, 46647, 20591, 62609, 48083, 34365, 59615, 97575, 68593, 73239, 40607, 23194, 68942, 80081, 86977, 78721, 97267, 74946, 62369, 74330, 78230, 70178, 0, 57271, 92698, 58180, 45607, 45607, 45607, 45607, 45607, 45607, 45607, 45607, 45607, 45607 | 33955, 71021, 22135, 39000, 62481, 84314, 31016, 56639, 60033, 61741, 76059, 49477, 48083, 52153, 11661, 26172, 47095, 40311, 72062, 66483, 20808, 39623, 53150, 52354, 35735, 21470, 64536, 19209, 17720, 18027, 22803, 15652, 57271, 0, 35902, 4123, 14422, 14422, 14422, 14422, 14422, 14422, 14422, 14422, 14422, 14422 | 59413, 91065, 40311, 74431, 95880, 113172, 66760, 50089, 60207, 88413, 75006, 73109, 80777, 67535, 44777, 59481, 63631, 8246, 88566, 78771, 53235, 72945, 64621, 54918, 19026, 16124, 57428, 24041, 41000, 18384, 23259, 28635, 92698, 35902, 0, 36221, 47423, 47423, 47423, 47423, 47423, 47423, 47423, 47423, 47423, 47423 | 37656, 74813, 26248, 38209, 64381, 87132, 31764, 60307, 64007, 65000, 80062, 53150, 50328, 56222, 14866, 28600, 51156, 39849, 76026, 70576, 23706, 41773, 57271, 56356, 38078, 20880, 68249, 17029, 13601, 19235, 20518, 12806, 58180, 4123, 36221, 0, 17464, 17464, 17464, 17464, 17464, 17464, 17464, 17464, 17464, 17464 | 21000, 58137, 17492, 33241, 48826, 69892, 21023, 54918, 55172, 47539, 70434, 36221, 34058, 41761, 2828, 12206, 36687, 53000, 60207, 56320, 6403, 25806, 44283, 47381, 42011, 34828, 62201, 33600, 29154, 29068, 37202, 30016, 45607, 14422, 47423, 17464, 0, 0, 0, 0, 0, 0, 0, 0, 0, 0 | 21000, 58137, 17492, 33241, 48826, 69892, 21023, 54918, 55172, 47539, 70434, 36221, 34058, 41761, 2828, 12206, 36687, 53000, 60207, 56320, 6403, 25806, 44283, 47381, 42011, 34828, 62201, 33600, 29154, 29068, 37202, 30016, 45607, 14422, 47423, 17464, 0, 0, 0, 0, 0, 0, 0, 0, 0, 0 | 21000, 58137, 17492, 33241, 48826, 69892, 21023, 54918, 55172, 47539, 70434, 36221, 34058, 41761, 2828, 12206, 36687, 53000, 60207, 56320, 6403, 25806, 44283, 47381, 42011, 34828, 62201, 33600, 29154, 29068, 37202, 30016, 45607, 14422, 47423, 17464, 0, 0, 0, 0, 0, 0, 0, 0, 0, 0 | 21000, 58137, 17492, 33241, 48826, 69892, 21023, 54918, 55172, 47539, 70434, 36221, 34058, 41761, 2828, 12206, 36687, 53000, 60207, 56320, 6403, 25806, 44283, 47381, 42011, 34828, 62201, 33600, 29154, 29068, 37202, 30016, 45607, 14422, 47423, 17464, 0, 0, 0, 0, 0, 0, 0, 0, 0, 0 | 21000, 58137, 17492, 33241, 48826, 69892, 21023, 54918, 55172, 47539, 70434, 36221, 34058, 41761, 2828, 12206, 36687, 53000, 60207, 56320, 6403, 25806, 44283, 47381, 42011, 34828, 62201, 33600, 29154, 29068, 37202, 30016, 45607, 14422, 47423, 17464, 0, 0, 0, 0, 0, 0, 0, 0, 0, 0 | 21000, 58137, 17492, 33241, 48826, 69892, 21023, 54918, 55172, 47539, 70434, 36221, 34058, 41761, 2828, 12206, 36687, 53000, 60207, 56320, 6403, 25806, 44283, 47381, 42011, 34828, 62201, 33600, 29154, 29068, 37202, 30016, 45607, 14422, 47423, 17464, 0, 0, 0, 0, 0, 0, 0, 0, 0, 0 | 21000, 58137, 17492, 33241, 48826, 69892, 21023, 54918, 55172, 47539, 70434, 36221, 34058, 41761, 2828, 12206, 36687, 53000, 60207, 56320, 6403, 25806, 44283, 47381, 42011, 34828, 62201, 33600, 29154, 29068, 37202, 30016, 45607, 14422, 47423, 17464, 0, 0, 0, 0, 0, 0, 0, 0, 0, 0 | 21000, 58137, 17492, 33241, 48826, 69892, 21023, 54918, 55172, 47539, 70434, 36221, 34058, 41761, 2828, 12206, 36687, 53000, 60207, 56320, 6403, 25806, 44283, 47381, 42011, 34828, 62201, 33600, 29154, 29068, 37202, 30016, 45607, 14422, 47423, 17464, 0, 0, 0, 0, 0, 0, 0, 0, 0, 0 | 21000, 58137, 17492, 33241, 48826, 69892, 21023, 54918, 55172, 47539, 70434, 36221, 34058, 41761, 2828, 12206, 36687, 53000, 60207, 56320, 6403, 25806, 44283, 47381, 42011, 34828, 62201, 33600, 29154, 29068, 37202, 30016, 45607, 14422, 47423, 17464, 0, 0, 0, 0, 0, 0, 0, 0, 0, 0 | 21000, 58137, 17492, 33241, 48826, 69892, 21023, 54918, 55172, 47539, 70434, 36221, 34058, 41761, 2828, 12206, 36687, 53000, 60207, 56320, 6403, 25806, 44283, 47381, 42011, 34828, 62201, 33600, 29154, 29068, 37202, 30016, 45607, 14422, 47423, 17464, 0, 0, 0, 0, 0, 0, 0, 0, 0, 0 |];
lower_b = 140868;
upper_b = 3343265;
