n = 45;
m = 7;
q = 100;
d = [12, 26, 1, 20, 2, 13, 20, 7, 10, 15, 7, 24, 10, 12, 23, 13, 19, 9, 12, 6, 9, 22, 18, 19, 20, 24, 10, 4, 20, 15, 13, 12, 3, 7, 18, 3, 23, 1, 17, 13, 6, 22, 20, 21, 2, 0, 0, 0, 0, 0, 0, 0, 0, 0, 0, 0, 0, 0, 0];
c = [| 0, 101862, 66603, 89308, 64404, 91082, 64899, 35608, 71021, 68876, 38418, 48332, 98386, 86162, 18867, 24083, 66272, 74108, 36769, 22803, 48332, 65299, 77201, 24000, 71386, 93037, 11661, 54332, 29732, 92086, 22803, 68117, 29732, 16124, 48166, 62128, 95268, 78714, 60959, 14560, 28635, 31622, 90620, 73756, 91082, 70880, 70880, 70880, 70880, 70880, 70880, 70880, 70880, 70880, 70880, 70880, 70880, 70880, 70880 | 101862, 0, 35383, 24331, 40249, 46818, 39446, 66843, 62000, 41761, 64031, 58309, 34985, 43174, 83737, 84403, 80099, 74000, 69971, 93295, 97529, 36878, 52153, 86023, 56142, 36769, 100000, 69856, 108240, 22803, 107703, 34985, 72138, 112800, 70936, 43863, 10000, 38000, 41036, 114978, 96602, 74404, 42379, 54037, 63245, 54037, 54037, 54037, 54037, 54037, 54037, 54037, 54037, 54037, 54037, 54037, 54037, 54037, 54037 | 66603, 35383, 0, 30000, 14422, 46518, 8944, 32249, 46043, 18439, 29529, 24738, 44407, 40249, 48826, 49396, 60166, 53665, 37363, 60166, 70000, 2000, 41036, 51107, 36055, 41231, 65513, 45122, 75894, 32062, 74323, 10000, 36878, 78230, 40049, 17888, 28844, 29529, 5656, 80000, 64560, 39446, 43081, 35608, 58412, 38418, 38418, 38418, 38418, 38418, 38418, 38418, 38418, 38418, 38418, 38418, 38418, 38418, 38418 | 89308, 24331, 30000, 0, 25059, 23323, 38209, 53851, 38209, 45607, 51107, 54332, 15231, 18973, 70455, 76550, 56568, 81608, 53814, 76419, 76157, 32000, 28000, 78434, 63245, 14142, 85041, 48332, 90000, 2828, 90686, 22803, 60827, 97672, 70028, 27202, 27784, 14560, 34234, 100895, 78409, 67052, 18867, 62032, 39395, 30594, 30594, 30594, 30594, 30594, 30594, 30594, 30594, 30594, 30594, 30594, 30594, 30594, 30594 | 64404, 40249, 14422, 25059, 0, 34928, 22627, 28844, 31622, 32557, 26076, 32557, 36496, 28635, 45607, 51923, 46173, 66573, 30000, 53254, 58549, 15620, 27202, 53851, 49678, 32062, 60827, 32062, 68000, 27784, 67675, 6000, 35777, 73593, 49030, 4000, 36878, 18110, 14422, 76419, 56356, 42755, 32249, 49517, 44944, 24083, 24083, 24083, 24083, 24083, 24083, 24083, 24083, 24083, 24083, 24083, 24083, 24083, 24083 | 91082, 46818, 46518, 23323, 34928, 0, 55461, 58549, 24083, 64498, 56320, 67468, 14142, 6324, 72801, 84214, 41182, 100179, 54405, 73430, 65299, 48332, 14422, 86209, 82365, 10198, 84095, 40000, 84023, 24166, 86533, 36769, 66483, 95770, 83952, 34234, 51107, 17088, 48703, 100179, 73239, 76000, 4472, 81633, 16492, 20591, 20591, 20591, 20591, 20591, 20591, 20591, 20591, 20591, 20591, 20591, 20591, 20591, 20591 | 64899, 39446, 8944, 38209, 22627, 55461, 0, 32984, 54037, 10000, 30594, 18867, 52952, 49193, 48332, 45343, 67082, 44721, 40049, 61611, 74431, 7211, 49678, 46861, 27202, 50000, 65391, 51264, 77665, 40049, 75286, 18867, 35777, 77820, 32557, 25612, 31240, 38470, 8944, 78892, 66753, 35383, 52000, 26907, 67201, 46690, 46690, 46690, 46690, 46690, 46690, 46690, 46690, 46690, 46690, 46690, 46690, 46690, 46690 | 35608, 66843, 32249, 53851, 28844, 58549, 32984, 0, 43174, 40049, 2828, 23409, 63906, 52952, 16970, 26076, 47201, 61057, 10000, 28635, 44944, 31304, 46000, 28071, 50000, 58821, 33286, 30528, 44721, 56603, 42379, 32557, 8000, 46043, 35383, 26832, 61057, 44271, 26832, 48166, 34058, 19697, 57271, 51419, 62513, 40049, 40049, 40049, 40049, 40049, 40049, 40049, 40049, 40049, 40049, 40049, 40049, 40049, 40049 | 71021, 62000, 46043, 38209, 31622, 24083, 54037, 43174, 0, 64031, 41761, 59363, 36715, 22360, 54037, 69050, 18439, 96540, 36055, 51264, 41231, 47201, 10770, 71021, 80622, 31304, 62641, 17088, 60464, 40447, 63529, 36715, 50990, 73539, 75179, 28425, 62801, 24000, 45343, 78434, 50119, 62641, 26076, 80721, 20099, 8246, 8246, 8246, 8246, 8246, 8246, 8246, 8246, 8246, 8246, 8246, 8246, 8246, 8246 | 68876, 41761, 18439, 45607, 32557, 64498, 10000, 40049, 64031, 0, 38000, 20591, 60728, 58309, 53851, 47201, 76941, 36055, 48166, 68468, 83186, 16970, 59464, 48414, 17888, 58309, 70880, 60926, 84593, 47074, 81584, 28425, 41231, 82873, 29529, 35608, 32310, 47707, 18867, 83258, 74108, 37735, 60827, 17204, 76837, 56639, 56639, 56639, 56639, 56639, 56639, 56639, 56639, 56639, 56639, 56639, 56639, 56639, 56639 | 38418, 64031, 29529, 51107, 26076, 56320, 30594, 2828, 41761, 38000, 0, 22360, 61351, 50635, 19798, 28000, 46861, 60464, 10770, 31048, 46173, 28635, 44045, 30000, 48703, 56320, 36055, 30000, 47074, 53851, 44944, 29732, 10198, 48826, 35383, 24166, 58309, 41761, 24166, 50990, 36221, 20880, 54918, 50000, 60827, 38209, 38209, 38209, 38209, 38209, 38209, 38209, 38209, 38209, 38209, 38209, 38209, 38209, 38209 | 48332, 58309, 24738, 54332, 32557, 67468, 18867, 23409, 59363, 20591, 22360, 0, 68000, 61188, 34234, 26907, 67941, 38418, 33105, 50039, 68352, 22803, 58309, 28284, 26683, 64124, 50990, 50990, 66000, 56568, 62289, 32000, 22000, 62641, 16492, 33526, 50000, 50635, 20099, 62769, 56320, 17204, 64776, 28284, 76157, 53665, 53665, 53665, 53665, 53665, 53665, 53665, 53665, 53665, 53665, 53665, 53665, 53665, 53665 | 98386, 34985, 44407, 15231, 36496, 14142, 52952, 63906, 36715, 60728, 61351, 68000, 0, 14422, 79624, 88294, 54626, 96767, 61773, 82800, 77665, 46389, 26076, 90244, 78434, 5656, 92649, 50990, 94762, 14422, 96540, 36000, 71470, 104861, 84095, 37363, 41036, 19697, 48041, 108756, 83546, 79246, 10770, 77252, 30066, 31240, 31240, 31240, 31240, 31240, 31240, 31240, 31240, 31240, 31240, 31240, 31240, 31240, 31240 | 86162, 43174, 40249, 18973, 28635, 6324, 49193, 52952, 22360, 58309, 50635, 61188, 14422, 0, 67675, 78409, 40496, 93914, 49396, 69339, 63245, 42047, 11661, 80399, 76157, 8944, 79649, 36769, 80721, 20396, 82800, 30463, 60827, 91586, 77665, 28071, 46518, 10770, 42379, 95770, 69656, 70028, 4472, 75471, 20591, 16970, 16970, 16970, 16970, 16970, 16970, 16970, 16970, 16970, 16970, 16970, 16970, 16970, 16970 | 18867, 83737, 48826, 70455, 45607, 72801, 48332, 16970, 54037, 53851, 19798, 34234, 79624, 67675, 0, 19798, 52497, 67052, 18439, 17088, 41036, 47707, 59228, 21260, 60033, 74323, 17088, 38209, 32249, 73239, 28071, 49517, 12649, 29529, 39849, 43266, 77665, 59933, 43266, 31240, 24166, 20880, 72111, 62000, 74108, 52952, 52952, 52952, 52952, 52952, 52952, 52952, 52952, 52952, 52952, 52952, 52952, 52952, 52952 | 24083, 84403, 49396, 76550, 51923, 84214, 45343, 26076, 69050, 47201, 28000, 26907, 88294, 78409, 19798, 0, 70682, 50358, 33526, 36055, 60827, 47707, 72027, 2000, 47539, 83546, 31048, 55027, 49396, 79120, 43680, 53851, 18110, 40000, 24083, 50990, 76576, 69050, 43908, 38470, 43266, 10000, 82607, 50000, 88566, 66121, 66121, 66121, 66121, 66121, 66121, 66121, 66121, 66121, 66121, 66121, 66121, 66121, 66121 | 66272, 80099, 60166, 56568, 46173, 41182, 67082, 47201, 18439, 76941, 46861, 67941, 54626, 40496, 52497, 70682, 0, 106301, 37735, 44000, 26076, 60926, 29120, 72498, 92086, 49396, 56000, 16970, 48703, 58855, 53366, 51923, 53851, 64776, 82219, 42379, 80224, 42190, 58137, 70455, 40447, 66573, 43863, 92649, 31240, 26076, 26076, 26076, 26076, 26076, 26076, 26076, 26076, 26076, 26076, 26076, 26076, 26076, 26076 | 74108, 74000, 53665, 81608, 66573, 100179, 44721, 61057, 96540, 36055, 60464, 38418, 96767, 93914, 67052, 50358, 106301, 0, 71021, 84118, 105546, 51884, 93744, 50159, 18439, 94339, 81215, 89375, 98954, 82969, 93744, 63529, 57271, 90199, 27202, 68818, 64000, 83186, 52153, 88000, 91082, 46173, 96664, 20099, 111516, 90000, 90000, 90000, 90000, 90000, 90000, 90000, 90000, 90000, 90000, 90000, 90000, 90000, 90000 | 36769, 69971, 37363, 53814, 30000, 54405, 40049, 10000, 36055, 48166, 10770, 33105, 61773, 49396, 18439, 33526, 37735, 71021, 0, 23323, 35440, 36878, 40792, 35440, 59464, 56356, 31240, 21540, 38626, 56639, 37735, 34985, 16124, 43863, 45343, 26907, 65391, 42190, 32557, 47201, 27202, 28844, 53851, 60728, 56000, 34525, 34525, 34525, 34525, 34525, 34525, 34525, 34525, 34525, 34525, 34525, 34525, 34525, 34525 | 22803, 93295, 60166, 76419, 53254, 73430, 61611, 28635, 51264, 68468, 31048, 50039, 82800, 69339, 17088, 36055, 44000, 84118, 23323, 0, 26076, 59464, 59059, 37202, 76419, 77201, 12000, 34176, 16124, 79246, 14422, 58309, 28071, 22360, 56920, 50000, 88566, 63780, 55027, 27202, 7211, 37947, 73783, 78230, 70880, 52839, 52839, 52839, 52839, 52839, 52839, 52839, 52839, 52839, 52839, 52839, 52839, 52839, 52839 | 48332, 97529, 70000, 76157, 58549, 65299, 74431, 44944, 41231, 83186, 46173, 68352, 77665, 63245, 41036, 60827, 26076, 105546, 35440, 26076, 0, 70028, 51613, 62225, 94868, 72111, 36769, 27856, 24083, 78790, 30066, 64498, 48373, 42190, 78892, 54589, 95351, 61741, 66121, 48373, 19697, 60464, 67201, 96166, 57201, 46647, 46647, 46647, 46647, 46647, 46647, 46647, 46647, 46647, 46647, 46647, 46647, 46647, 46647 | 65299, 36878, 2000, 32000, 15620, 48332, 7211, 31304, 47201, 16970, 28635, 22803, 46389, 42047, 47707, 47707, 60926, 51884, 36878, 59464, 70028, 0, 42520, 49396, 34409, 43174, 64498, 45607, 75286, 34058, 73539, 11661, 35608, 77175, 38052, 18867, 30000, 31304, 4472, 78816, 64031, 37735, 44944, 34058, 60000, 39698, 39698, 39698, 39698, 39698, 39698, 39698, 39698, 39698, 39698, 39698, 39698, 39698, 39698 | 77201, 52153, 41036, 28000, 27202, 14422, 49678, 46000, 10770, 59464, 44045, 58309, 26076, 11661, 59228, 72027, 29120, 93744, 40792, 59059, 51613, 42520, 0, 74027, 76837, 20591, 69856, 25612, 69656, 30066, 72111, 31112, 54000, 81412, 74672, 25059, 53851, 14560, 41617, 85906, 58821, 64498, 15620, 76576, 17888, 6324, 6324, 6324, 6324, 6324, 6324, 6324, 6324, 6324, 6324, 6324, 6324, 6324, 6324 | 24000, 86023, 51107, 78434, 53851, 86209, 46861, 28071, 71021, 48414, 30000, 28284, 90244, 80399, 21260, 2000, 72498, 50159, 35440, 37202, 62225, 49396, 74027, 0, 48083, 85510, 31622, 56920, 50159, 80993, 44271, 55713, 20099, 40049, 24331, 52952, 78102, 71021, 45650, 38209, 44407, 11661, 84593, 50596, 90553, 68117, 68117, 68117, 68117, 68117, 68117, 68117, 68117, 68117, 68117, 68117, 68117, 68117, 68117 | 71386, 56142, 36055, 63245, 49678, 82365, 27202, 50000, 80622, 17888, 48703, 26683, 78434, 76157, 60033, 47539, 92086, 18439, 59464, 76419, 94868, 34409, 76837, 48083, 0, 76157, 76105, 75471, 92195, 64560, 88000, 46043, 48373, 86833, 24166, 52345, 46173, 65513, 35383, 85906, 82873, 40199, 78714, 2828, 94403, 73593, 73593, 73593, 73593, 73593, 73593, 73593, 73593, 73593, 73593, 73593, 73593, 73593, 73593 | 93037, 36769, 41231, 14142, 32062, 10198, 50000, 58821, 31304, 58309, 56320, 64124, 5656, 8944, 74323, 83546, 49396, 94339, 56356, 77201, 72111, 43174, 20591, 85510, 76157, 0, 87132, 45343, 89106, 14422, 90906, 32249, 66483, 99297, 80399, 32557, 41617, 14560, 44407, 103247, 77897, 74672, 6000, 75153, 26683, 25612, 25612, 25612, 25612, 25612, 25612, 25612, 25612, 25612, 25612, 25612, 25612, 25612, 25612 | 11661, 100000, 65513, 85041, 60827, 84095, 65391, 33286, 62641, 70880, 36055, 50990, 92649, 79649, 17088, 31048, 56000, 81215, 31240, 12000, 36769, 64498, 69856, 31622, 76105, 87132, 0, 45607, 18867, 87863, 12649, 65299, 29732, 12806, 54332, 58000, 94339, 73239, 60033, 16124, 17088, 36000, 84118, 78230, 82462, 63560, 63560, 63560, 63560, 63560, 63560, 63560, 63560, 63560, 63560, 63560, 63560, 63560, 63560 | 54332, 69856, 45122, 48332, 32062, 40000, 51264, 30528, 17088, 60926, 30000, 50990, 50990, 36769, 38209, 55027, 16970, 89375, 21540, 34176, 27856, 45607, 25612, 56920, 75471, 45343, 45607, 0, 44045, 50990, 46647, 38052, 37576, 56462, 65299, 28071, 68264, 34000, 42379, 61351, 33286, 50119, 41036, 76157, 36878, 19798, 19798, 19798, 19798, 19798, 19798, 19798, 19798, 19798, 19798, 19798, 19798, 19798, 19798 | 29732, 108240, 75894, 90000, 68000, 84023, 77665, 44721, 60464, 84593, 47074, 66000, 94762, 80721, 32249, 49396, 48703, 98954, 38626, 16124, 24083, 75286, 69656, 50159, 92195, 89106, 18867, 44045, 0, 92800, 7211, 73348, 44000, 18973, 71805, 64498, 104000, 76576, 70880, 25298, 11661, 52952, 85041, 94085, 78714, 63780, 63780, 63780, 63780, 63780, 63780, 63780, 63780, 63780, 63780, 63780, 63780, 63780, 63780 | 92086, 22803, 32062, 2828, 27784, 24166, 40049, 56603, 40447, 47074, 53851, 56568, 14422, 20396, 73239, 79120, 58855, 82969, 56639, 79246, 78790, 34058, 30066, 80993, 64560, 14422, 87863, 50990, 92800, 0, 93509, 25298, 63529, 100498, 72111, 30000, 27202, 17088, 36496, 103711, 81215, 69570, 19697, 63245, 40496, 32984, 32984, 32984, 32984, 32984, 32984, 32984, 32984, 32984, 32984, 32984, 32984, 32984, 32984 | 22803, 107703, 74323, 90686, 67675, 86533, 75286, 42379, 63529, 81584, 44944, 62289, 96540, 82800, 28071, 43680, 53366, 93744, 37735, 14422, 30066, 73539, 72111, 44271, 88000, 90906, 12649, 46647, 7211, 93509, 0, 72718, 40447, 12165, 66753, 64404, 102859, 77794, 69079, 18439, 13416, 48166, 87200, 90022, 82462, 66030, 66030, 66030, 66030, 66030, 66030, 66030, 66030, 66030, 66030, 66030, 66030, 66030, 66030 | 68117, 34985, 10000, 22803, 6000, 36769, 18867, 32557, 36715, 28425, 29732, 32000, 36000, 30463, 49517, 53851, 51923, 63529, 34985, 58309, 64498, 11661, 31112, 55713, 46043, 32249, 65299, 38052, 73348, 25298, 72718, 0, 38832, 78102, 48166, 10000, 31048, 19697, 12165, 80622, 61741, 44271, 33526, 45607, 48414, 28844, 28844, 28844, 28844, 28844, 28844, 28844, 28844, 28844, 28844, 28844, 28844, 28844, 28844 | 29732, 72138, 36878, 60827, 35777, 66483, 35777, 8000, 50990, 41231, 10198, 22000, 71470, 60827, 12649, 18110, 53851, 57271, 16124, 28071, 48373, 35608, 54000, 20099, 48373, 66483, 29732, 37576, 44000, 63529, 40447, 38832, 0, 42047, 30528, 34176, 65604, 51923, 31240, 43266, 34525, 12806, 65115, 50159, 70455, 48041, 48041, 48041, 48041, 48041, 48041, 48041, 48041, 48041, 48041, 48041, 48041, 48041, 48041 | 16124, 112800, 78230, 97672, 73593, 95770, 77820, 46043, 73539, 82873, 48826, 62641, 104861, 91586, 29529, 40000, 64776, 90199, 43863, 22360, 42190, 77175, 81412, 40049, 86833, 99297, 12806, 56462, 18973, 100498, 12165, 78102, 42047, 0, 64031, 70710, 107070, 85603, 72718, 6324, 24331, 46690, 96041, 89106, 92973, 75179, 75179, 75179, 75179, 75179, 75179, 75179, 75179, 75179, 75179, 75179, 75179, 75179, 75179 | 48166, 70936, 40049, 70028, 49030, 83952, 32557, 35383, 75179, 29529, 35383, 16492, 84095, 77665, 39849, 24083, 82219, 27202, 45343, 56920, 78892, 38052, 74672, 24331, 24166, 80399, 54332, 65299, 71805, 72111, 66753, 48166, 30528, 64031, 0, 50000, 61741, 67082, 36055, 62513, 63906, 18973, 81215, 26832, 92477, 69856, 69856, 69856, 69856, 69856, 69856, 69856, 69856, 69856, 69856, 69856, 69856, 69856, 69856 | 62128, 43863, 17888, 27202, 4000, 34234, 25612, 26832, 28425, 35608, 24166, 33526, 37363, 28071, 43266, 50990, 42379, 68818, 26907, 50000, 54589, 18867, 25059, 52952, 52345, 32557, 58000, 28071, 64498, 30000, 64404, 10000, 34176, 70710, 50000, 0, 40792, 18110, 16970, 73756, 52839, 42190, 32000, 52345, 42941, 21260, 21260, 21260, 21260, 21260, 21260, 21260, 21260, 21260, 21260, 21260, 21260, 21260, 21260 | 95268, 10000, 28844, 27784, 36878, 51107, 31240, 61057, 62801, 32310, 58309, 50000, 41036, 46518, 77665, 76576, 80224, 64000, 65391, 88566, 95351, 30000, 53851, 78102, 46173, 41617, 94339, 68264, 104000, 27202, 102859, 31048, 65604, 107070, 61741, 40792, 0, 39293, 34409, 108811, 92477, 66603, 46647, 44045, 67082, 54589, 54589, 54589, 54589, 54589, 54589, 54589, 54589, 54589, 54589, 54589, 54589, 54589, 54589 | 78714, 38000, 29529, 14560, 18110, 17088, 38470, 44271, 24000, 47707, 41761, 50635, 19697, 10770, 59933, 69050, 42190, 83186, 42190, 63780, 61741, 31304, 14560, 71021, 65513, 14560, 73239, 34000, 76576, 17088, 77794, 19697, 51923, 85603, 67082, 18110, 39293, 0, 31622, 89308, 65115, 60299, 14142, 64899, 29732, 16124, 16124, 16124, 16124, 16124, 16124, 16124, 16124, 16124, 16124, 16124, 16124, 16124, 16124 | 60959, 41036, 5656, 34234, 14422, 48703, 8944, 26832, 45343, 18867, 24166, 20099, 48041, 42379, 43266, 43908, 58137, 52153, 32557, 55027, 66121, 4472, 41617, 45650, 35383, 44407, 60033, 42379, 70880, 36496, 69079, 12165, 31240, 72718, 36055, 16970, 34409, 31622, 0, 74404, 59665, 34000, 45607, 35383, 59363, 38209, 38209, 38209, 38209, 38209, 38209, 38209, 38209, 38209, 38209, 38209, 38209, 38209, 38209 | 14560, 114978, 80000, 100895, 76419, 100179, 78892, 48166, 78434, 83258, 50990, 62769, 108756, 95770, 31240, 38470, 70455, 88000, 47201, 27202, 48373, 78816, 85906, 38209, 85906, 103247, 16124, 61351, 25298, 103711, 18439, 80622, 43266, 6324, 62513, 73756, 108811, 89308, 74404, 0, 30066, 46173, 100239, 88294, 98081, 79624, 79624, 79624, 79624, 79624, 79624, 79624, 79624, 79624, 79624, 79624, 79624, 79624, 79624 | 28635, 96602, 64560, 78409, 56356, 73239, 66753, 34058, 50119, 74108, 36221, 56320, 83546, 69656, 24166, 43266, 40447, 91082, 27202, 7211, 19697, 64031, 58821, 44407, 82873, 77897, 17088, 33286, 11661, 81215, 13416, 61741, 34525, 24331, 63906, 52839, 92477, 65115, 59665, 30066, 0, 44944, 74027, 84593, 69079, 52801, 52801, 52801, 52801, 52801, 52801, 52801, 52801, 52801, 52801, 52801, 52801, 52801, 52801 | 31622, 74404, 39446, 67052, 42755, 76000, 35383, 19697, 62641, 37735, 20880, 17204, 79246, 70028, 20880, 10000, 66573, 46173, 28844, 37947, 60464, 37735, 64498, 11661, 40199, 74672, 36000, 50119, 52952, 69570, 48166, 44271, 12806, 46690, 18973, 42190, 66603, 60299, 34000, 46173, 44944, 0, 74108, 42426, 81584, 58855, 58855, 58855, 58855, 58855, 58855, 58855, 58855, 58855, 58855, 58855, 58855, 58855, 58855 | 90620, 42379, 43081, 18867, 32249, 4472, 52000, 57271, 26076, 60827, 54918, 64776, 10770, 4472, 72111, 82607, 43863, 96664, 53851, 73783, 67201, 44944, 15620, 84593, 78714, 6000, 84118, 41036, 85041, 19697, 87200, 33526, 65115, 96041, 81215, 32000, 46647, 14142, 45607, 100239, 74027, 74108, 0, 77897, 20880, 21260, 21260, 21260, 21260, 21260, 21260, 21260, 21260, 21260, 21260, 21260, 21260, 21260, 21260 | 73756, 54037, 35608, 62032, 49517, 81633, 26907, 51419, 80721, 17204, 50000, 28284, 77252, 75471, 62000, 50000, 92649, 20099, 60728, 78230, 96166, 34058, 76576, 50596, 2828, 75153, 78230, 76157, 94085, 63245, 90022, 45607, 50159, 89106, 26832, 52345, 44045, 64899, 35383, 88294, 84593, 42426, 77897, 0, 94021, 73539, 73539, 73539, 73539, 73539, 73539, 73539, 73539, 73539, 73539, 73539, 73539, 73539, 73539 | 91082, 63245, 58412, 39395, 44944, 16492, 67201, 62513, 20099, 76837, 60827, 76157, 30066, 20591, 74108, 88566, 31240, 111516, 56000, 70880, 57201, 60000, 17888, 90553, 94403, 26683, 82462, 36878, 78714, 40496, 82462, 48414, 70455, 92973, 92477, 42941, 67082, 29732, 59363, 98081, 69079, 81584, 20880, 94021, 0, 22803, 22803, 22803, 22803, 22803, 22803, 22803, 22803, 22803, 22803, 22803, 22803, 22803, 22803 | 70880, 54037, 38418, 30594, 24083, 20591, 46690, 40049, 8246, 56639, 38209, 53665, 31240, 16970, 52952, 66121, 26076, 90000, 34525, 52839, 46647, 39698, 6324, 68117, 73593, 25612, 63560, 19798, 63780, 32984, 66030, 28844, 48041, 75179, 69856, 21260, 54589, 16124, 38209, 79624, 52801, 58855, 21260, 73539, 22803, 0, 0, 0, 0, 0, 0, 0, 0, 0, 0, 0, 0, 0, 0 | 70880, 54037, 38418, 30594, 24083, 20591, 46690, 40049, 8246, 56639, 38209, 53665, 31240, 16970, 52952, 66121, 26076, 90000, 34525, 52839, 46647, 39698, 6324, 68117, 73593, 25612, 63560, 19798, 63780, 32984, 66030, 28844, 48041, 75179, 69856, 21260, 54589, 16124, 38209, 79624, 52801, 58855, 21260, 73539, 22803, 0, 0, 0, 0, 0, 0, 0, 0, 0, 0, 0, 0, 0, 0 | 70880, 54037, 38418, 30594, 24083, 20591, 46690, 40049, 8246, 56639, 38209, 53665, 31240, 16970, 52952, 66121, 26076, 90000, 34525, 52839, 46647, 39698, 6324, 68117, 73593, 25612, 63560, 19798, 63780, 32984, 66030, 28844, 48041, 75179, 69856, 21260, 54589, 16124, 38209, 79624, 52801, 58855, 21260, 73539, 22803, 0, 0, 0, 0, 0, 0, 0, 0, 0, 0, 0, 0, 0, 0 | 70880, 54037, 38418, 30594, 24083, 20591, 46690, 40049, 8246, 56639, 38209, 53665, 31240, 16970, 52952, 66121, 26076, 90000, 34525, 52839, 46647, 39698, 6324, 68117, 73593, 25612, 63560, 19798, 63780, 32984, 66030, 28844, 48041, 75179, 69856, 21260, 54589, 16124, 38209, 79624, 52801, 58855, 21260, 73539, 22803, 0, 0, 0, 0, 0, 0, 0, 0, 0, 0, 0, 0, 0, 0 | 70880, 54037, 38418, 30594, 24083, 20591, 46690, 40049, 8246, 56639, 38209, 53665, 31240, 16970, 52952, 66121, 26076, 90000, 34525, 52839, 46647, 39698, 6324, 68117, 73593, 25612, 63560, 19798, 63780, 32984, 66030, 28844, 48041, 75179, 69856, 21260, 54589, 16124, 38209, 79624, 52801, 58855, 21260, 73539, 22803, 0, 0, 0, 0, 0, 0, 0, 0, 0, 0, 0, 0, 0, 0 | 70880, 54037, 38418, 30594, 24083, 20591, 46690, 40049, 8246, 56639, 38209, 53665, 31240, 16970, 52952, 66121, 26076, 90000, 34525, 52839, 46647, 39698, 6324, 68117, 73593, 25612, 63560, 19798, 63780, 32984, 66030, 28844, 48041, 75179, 69856, 21260, 54589, 16124, 38209, 79624, 52801, 58855, 21260, 73539, 22803, 0, 0, 0, 0, 0, 0, 0, 0, 0, 0, 0, 0, 0, 0 | 70880, 54037, 38418, 30594, 24083, 20591, 46690, 40049, 8246, 56639, 38209, 53665, 31240, 16970, 52952, 66121, 26076, 90000, 34525, 52839, 46647, 39698, 6324, 68117, 73593, 25612, 63560, 19798, 63780, 32984, 66030, 28844, 48041, 75179, 69856, 21260, 54589, 16124, 38209, 79624, 52801, 58855, 21260, 73539, 22803, 0, 0, 0, 0, 0, 0, 0, 0, 0, 0, 0, 0, 0, 0 | 70880, 54037, 38418, 30594, 24083, 20591, 46690, 40049, 8246, 56639, 38209, 53665, 31240, 16970, 52952, 66121, 26076, 90000, 34525, 52839, 46647, 39698, 6324, 68117, 73593, 25612, 63560, 19798, 63780, 32984, 66030, 28844, 48041, 75179, 69856, 21260, 54589, 16124, 38209, 79624, 52801, 58855, 21260, 73539, 22803, 0, 0, 0, 0, 0, 0, 0, 0, 0, 0, 0, 0, 0, 0 | 70880, 54037, 38418, 30594, 24083, 20591, 46690, 40049, 8246, 56639, 38209, 53665, 31240, 16970, 52952, 66121, 26076, 90000, 34525, 52839, 46647, 39698, 6324, 68117, 73593, 25612, 63560, 19798, 63780, 32984, 66030, 28844, 48041, 75179, 69856, 21260, 54589, 16124, 38209, 79624, 52801, 58855, 21260, 73539, 22803, 0, 0, 0, 0, 0, 0, 0, 0, 0, 0, 0, 0, 0, 0 | 70880, 54037, 38418, 30594, 24083, 20591, 46690, 40049, 8246, 56639, 38209, 53665, 31240, 16970, 52952, 66121, 26076, 90000, 34525, 52839, 46647, 39698, 6324, 68117, 73593, 25612, 63560, 19798, 63780, 32984, 66030, 28844, 48041, 75179, 69856, 21260, 54589, 16124, 38209, 79624, 52801, 58855, 21260, 73539, 22803, 0, 0, 0, 0, 0, 0, 0, 0, 0, 0, 0, 0, 0, 0 | 70880, 54037, 38418, 30594, 24083, 20591, 46690, 40049, 8246, 56639, 38209, 53665, 31240, 16970, 52952, 66121, 26076, 90000, 34525, 52839, 46647, 39698, 6324, 68117, 73593, 25612, 63560, 19798, 63780, 32984, 66030, 28844, 48041, 75179, 69856, 21260, 54589, 16124, 38209, 79624, 52801, 58855, 21260, 73539, 22803, 0, 0, 0, 0, 0, 0, 0, 0, 0, 0, 0, 0, 0, 0 | 70880, 54037, 38418, 30594, 24083, 20591, 46690, 40049, 8246, 56639, 38209, 53665, 31240, 16970, 52952, 66121, 26076, 90000, 34525, 52839, 46647, 39698, 6324, 68117, 73593, 25612, 63560, 19798, 63780, 32984, 66030, 28844, 48041, 75179, 69856, 21260, 54589, 16124, 38209, 79624, 52801, 58855, 21260, 73539, 22803, 0, 0, 0, 0, 0, 0, 0, 0, 0, 0, 0, 0, 0, 0 | 70880, 54037, 38418, 30594, 24083, 20591, 46690, 40049, 8246, 56639, 38209, 53665, 31240, 16970, 52952, 66121, 26076, 90000, 34525, 52839, 46647, 39698, 6324, 68117, 73593, 25612, 63560, 19798, 63780, 32984, 66030, 28844, 48041, 75179, 69856, 21260, 54589, 16124, 38209, 79624, 52801, 58855, 21260, 73539, 22803, 0, 0, 0, 0, 0, 0, 0, 0, 0, 0, 0, 0, 0, 0 | 70880, 54037, 38418, 30594, 24083, 20591, 46690, 40049, 8246, 56639, 38209, 53665, 31240, 16970, 52952, 66121, 26076, 90000, 34525, 52839, 46647, 39698, 6324, 68117, 73593, 25612, 63560, 19798, 63780, 32984, 66030, 28844, 48041, 75179, 69856, 21260, 54589, 16124, 38209, 79624, 52801, 58855, 21260, 73539, 22803, 0, 0, 0, 0, 0, 0, 0, 0, 0, 0, 0, 0, 0, 0 |];
lower_b = 180000;
upper_b = 4271555;
