n = 43;
m = 6;
q = 100;
d = [8, 24, 9, 19, 9, 18, 9, 14, 3, 14, 8, 8, 13, 18, 4, 24, 14, 8, 18, 13, 2, 9, 18, 3, 24, 8, 24, 14, 13, 24, 23, 9, 13, 14, 14, 18, 24, 4, 8, 13, 4, 14, 18, 0, 0, 0, 0, 0, 0, 0, 0, 0, 0, 0, 0];
c = [| 0, 75000, 55317, 72401, 97164, 56568, 110639, 91268, 61741, 65007, 61204, 55470, 72000, 75610, 89894, 43266, 61294, 14035, 81154, 26925, 90199, 63007, 33541, 84403, 49497, 57870, 91416, 95273, 40816, 31622, 87418, 93214, 77466, 67082, 1000, 63529, 78262, 64845, 56797, 32649, 74706, 79056, 40261, 88526, 88526, 88526, 88526, 88526, 88526, 88526, 88526, 88526, 88526, 88526, 88526 | 75000, 0, 24186, 26400, 68014, 20615, 51244, 33837, 19416, 62297, 66940, 29017, 46572, 21954, 39824, 84480, 26683, 87132, 41725, 72801, 79881, 12041, 47434, 54488, 26925, 51419, 50219, 45188, 34655, 52201, 27513, 88509, 54644, 33541, 75604, 15524, 80622, 23021, 35510, 42438, 11661, 90138, 40816, 21023, 21023, 21023, 21023, 21023, 21023, 21023, 21023, 21023, 21023, 21023, 21023 | 55317, 24186, 0, 19235, 57939, 4472, 57245, 37336, 25612, 41880, 45188, 6403, 55317, 38483, 38327, 60299, 9219, 65946, 33376, 49040, 63780, 15811, 24186, 43081, 7071, 30016, 44283, 44283, 21023, 28635, 32649, 71421, 39962, 18973, 56080, 23323, 61032, 32015, 14212, 23706, 30805, 69354, 32140, 33241, 33241, 33241, 33241, 33241, 33241, 33241, 33241, 33241, 33241, 33241, 33241 | 72401, 26400, 19235, 0, 42438, 21023, 38483, 18867, 38910, 38209, 44000, 17000, 69354, 47423, 19104, 67779, 11180, 81565, 16124, 60802, 53535, 26832, 39204, 28319, 26305, 29274, 26248, 25079, 40199, 42449, 15620, 62265, 28301, 9055, 73246, 35355, 55362, 44777, 17204, 42379, 37483, 65513, 51000, 20615, 20615, 20615, 20615, 20615, 20615, 20615, 20615, 20615, 20615, 20615, 20615 | 97164, 68014, 57939, 42438, 0, 61326, 40000, 38948, 81123, 34014, 40311, 52497, 111646, 89643, 30528, 71561, 48846, 101242, 26400, 75272, 21840, 69115, 66000, 14866, 64195, 39319, 18867, 27856, 77620, 66189, 43829, 30265, 20000, 39000, 98152, 77698, 34669, 87132, 46097, 75663, 79511, 45177, 89286, 53254, 53254, 53254, 53254, 53254, 53254, 53254, 53254, 53254, 53254, 53254, 53254 | 56568, 20615, 4472, 21023, 61326, 0, 57974, 38078, 21260, 46324, 49658, 10816, 51224, 34014, 40012, 64124, 12529, 67801, 36138, 52201, 67941, 11401, 26925, 46518, 7071, 34481, 46872, 46010, 19646, 31622, 32893, 75690, 43829, 22360, 57280, 18867, 65459, 27658, 18601, 24207, 26476, 73824, 30016, 32202, 32202, 32202, 32202, 32202, 32202, 32202, 32202, 32202, 32202, 32202, 32202 | 110639, 51244, 57245, 38483, 40000, 57974, 0, 19924, 70007, 62265, 69462, 55461, 97493, 71805, 21260, 99201, 49658, 119037, 31890, 96260, 61294, 59135, 77175, 37696, 64195, 59548, 26000, 17204, 77620, 79881, 25317, 70114, 44721, 43829, 111507, 66007, 71568, 74242, 54083, 80777, 61983, 82710, 87475, 30265, 30265, 30265, 30265, 30265, 30265, 30265, 30265, 30265, 30265, 30265, 30265 | 91268, 33837, 37336, 18867, 38948, 38078, 19924, 0, 51478, 49477, 56320, 35846, 80361, 55542, 8544, 83725, 30016, 100264, 18110, 78644, 56515, 40049, 58008, 29427, 44271, 43829, 20124, 12041, 57723, 61073, 6324, 65734, 34014, 25495, 92114, 47518, 63000, 56293, 35383, 60926, 45310, 74027, 67742, 14866, 14866, 14866, 14866, 14866, 14866, 14866, 14866, 14866, 14866, 14866, 14866 | 61741, 19416, 25612, 38910, 81123, 21260, 70007, 51478, 0, 67424, 70327, 32015, 30528, 15000, 56044, 80622, 33301, 75026, 55009, 66007, 89106, 12083, 41194, 66573, 22847, 55470, 65000, 61846, 21587, 46173, 45276, 96938, 64660, 42801, 62169, 4000, 86608, 6403, 39824, 31400, 13453, 94667, 23345, 40112, 40112, 40112, 40112, 40112, 40112, 40112, 40112, 40112, 40112, 40112, 40112 | 65007, 62297, 41880, 38209, 34014, 46324, 62265, 49477, 67424, 0, 7211, 35510, 96260, 80131, 42720, 38288, 35846, 67683, 31622, 41484, 25961, 57306, 37696, 25495, 45343, 12041, 36619, 45177, 55605, 36138, 50358, 31384, 17804, 29427, 66007, 65192, 19209, 73817, 27784, 50119, 71589, 27856, 66850, 58008, 58008, 58008, 58008, 58008, 58008, 58008, 58008, 58008, 58008, 58008, 58008 | 61204, 66940, 45188, 44000, 40311, 49658, 69462, 56320, 70327, 7211, 0, 39000, 98234, 83671, 49769, 31400, 40261, 62649, 38626, 36345, 29017, 60926, 36891, 32649, 47707, 15524, 43829, 52354, 56568, 34438, 56885, 32572, 25000, 35014, 62201, 68425, 18357, 76661, 31622, 50000, 75610, 24413, 67357, 64195, 64195, 64195, 64195, 64195, 64195, 64195, 64195, 64195, 64195, 64195, 64195 | 55470, 29017, 6403, 17000, 52497, 10816, 55461, 35846, 32015, 35510, 39000, 0, 61619, 44721, 35440, 55901, 5830, 65069, 29000, 46065, 57489, 21931, 22627, 37643, 11704, 23706, 40000, 41231, 25317, 26400, 32015, 65053, 34000, 14035, 56302, 29681, 54644, 38418, 7810, 25709, 36687, 63063, 36878, 34409, 34409, 34409, 34409, 34409, 34409, 34409, 34409, 34409, 34409, 34409, 34409 | 72000, 46572, 55317, 69354, 111646, 51224, 97493, 80361, 30528, 96260, 98234, 61619, 0, 26019, 85796, 102528, 63600, 86005, 85475, 85726, 119096, 42544, 64412, 97097, 50931, 84219, 95273, 91416, 42544, 68876, 74040, 126621, 95000, 73239, 72006, 34000, 115433, 24596, 69354, 51478, 35510, 122613, 34481, 67268, 67268, 67268, 67268, 67268, 67268, 67268, 67268, 67268, 67268, 67268, 67268 | 75610, 21954, 38483, 47423, 89643, 34014, 71805, 55542, 15000, 80131, 83671, 44721, 26019, 0, 61773, 95524, 44654, 89185, 63253, 81006, 100124, 22825, 56142, 75742, 37107, 68425, 72111, 67082, 36345, 61131, 49244, 108406, 75073, 53263, 75960, 15524, 99126, 10770, 52354, 46270, 10295, 107782, 35777, 41761, 41761, 41761, 41761, 41761, 41761, 41761, 41761, 41761, 41761, 41761, 41761 | 89894, 39824, 38327, 19104, 30528, 40012, 21260, 8544, 56044, 42720, 49769, 35440, 85796, 61773, 0, 78492, 29832, 97908, 11180, 75006, 48052, 44147, 56356, 21095, 45398, 38600, 11661, 6000, 59304, 58830, 13453, 57271, 26305, 22825, 90785, 52201, 55081, 61351, 33120, 61131, 51478, 66189, 70028, 22803, 22803, 22803, 22803, 22803, 22803, 22803, 22803, 22803, 22803, 22803, 22803 | 43266, 84480, 60299, 67779, 71561, 64124, 99201, 83725, 80622, 38288, 31400, 55901, 102528, 95524, 78492, 0, 59908, 38327, 67424, 17804, 56920, 75006, 39458, 63655, 59008, 39962, 74330, 82006, 60876, 34525, 82764, 56718, 55865, 59093, 44102, 80224, 42201, 86145, 51244, 51244, 90005, 39012, 68154, 88255, 88255, 88255, 88255, 88255, 88255, 88255, 88255, 88255, 88255, 88255, 88255 | 61294, 26683, 9219, 11180, 48846, 12529, 49658, 30016, 33301, 35846, 40261, 5830, 63600, 44654, 29832, 59908, 0, 70767, 24186, 51107, 55865, 22022, 28319, 34014, 16031, 24738, 35128, 35693, 30016, 31890, 26248, 63890, 31400, 9848, 62128, 30413, 54589, 39623, 9000, 31320, 35777, 63694, 41303, 29154, 29154, 29154, 29154, 29154, 29154, 29154, 29154, 29154, 29154, 29154, 29154 | 14035, 87132, 65946, 81565, 101242, 67801, 119037, 100264, 75026, 67683, 62649, 65069, 86005, 89185, 97908, 38327, 70767, 0, 88323, 26305, 91350, 75292, 42449, 89693, 60802, 62769, 97948, 102927, 53712, 39204, 97000, 93005, 82280, 75213, 14000, 76557, 78000, 78447, 65000, 44777, 87726, 76791, 54129, 99085, 99085, 99085, 99085, 99085, 99085, 99085, 99085, 99085, 99085, 99085, 99085 | 81154, 41725, 33376, 16124, 26400, 36138, 31890, 18110, 55009, 31622, 38626, 29000, 85475, 63253, 11180, 67424, 24186, 88323, 0, 64660, 39924, 42941, 47759, 13038, 40199, 27658, 11000, 14866, 54147, 49658, 20396, 49040, 16031, 15033, 82079, 51478, 45044, 60901, 24738, 54332, 53150, 56000, 65490, 29410, 29410, 29410, 29410, 29410, 29410, 29410, 29410, 29410, 29410, 29410, 29410 | 26925, 72801, 49040, 60802, 75272, 52201, 96260, 78644, 66007, 41484, 36345, 46065, 85726, 81006, 75006, 17804, 51107, 26305, 64660, 0, 65122, 62169, 25495, 64412, 46097, 37735, 73498, 79511, 45177, 20615, 76400, 67186, 56797, 53150, 27856, 66189, 52153, 71063, 43600, 35227, 76655, 52201, 51244, 80262, 80262, 80262, 80262, 80262, 80262, 80262, 80262, 80262, 80262, 80262, 80262 | 90199, 79881, 63780, 53535, 21840, 67941, 61294, 56515, 89106, 25961, 29017, 57489, 119096, 100124, 48052, 56920, 55865, 91350, 39924, 65122, 0, 77833, 63568, 27202, 68600, 36674, 37215, 47169, 80262, 62096, 60083, 9219, 25238, 46861, 91197, 86278, 15264, 95462, 49819, 75643, 90603, 24207, 91787, 69289, 69289, 69289, 69289, 69289, 69289, 69289, 69289, 69289, 69289, 69289, 69289 | 63007, 12041, 15811, 26832, 69115, 11401, 59135, 40049, 12083, 57306, 60926, 21931, 42544, 22825, 44147, 75006, 22022, 75292, 42941, 62169, 77833, 0, 36674, 54644, 16124, 45617, 52924, 50009, 22627, 41593, 34000, 85912, 53075, 31144, 63600, 8602, 76321, 18027, 29529, 30528, 15132, 84970, 29546, 30083, 30083, 30083, 30083, 30083, 30083, 30083, 30083, 30083, 30083, 30083, 30083 | 33541, 47434, 24186, 39204, 66000, 26925, 77175, 58008, 41194, 37696, 36891, 22627, 64412, 56142, 56356, 39458, 28319, 42449, 47759, 25495, 63568, 36674, 0, 52239, 20615, 27459, 58240, 61741, 21931, 5000, 54561, 68876, 46000, 33541, 34438, 41000, 55226, 46690, 23259, 13453, 51244, 60207, 31240, 56850, 56850, 56850, 56850, 56850, 56850, 56850, 56850, 56850, 56850, 56850, 56850 | 84403, 54488, 43081, 28319, 14866, 46518, 37696, 29427, 66573, 25495, 32649, 37643, 97097, 75742, 21095, 63655, 34014, 89693, 13038, 64412, 27202, 54644, 52239, 0, 49335, 26925, 11704, 21377, 62817, 52952, 32893, 36400, 7810, 24166, 85375, 63245, 34365, 72670, 31400, 61204, 65764, 45541, 74464, 42154, 42154, 42154, 42154, 42154, 42154, 42154, 42154, 42154, 42154, 42154, 42154 | 49497, 26925, 7071, 26305, 64195, 7071, 64195, 44271, 22847, 45343, 47707, 11704, 50931, 37107, 45398, 59008, 16031, 60802, 40199, 46097, 68600, 16124, 20615, 49335, 0, 33301, 51156, 51351, 14000, 25495, 39395, 75822, 45617, 25495, 50209, 21587, 64536, 29068, 18867, 17204, 31000, 72111, 25317, 39204, 39204, 39204, 39204, 39204, 39204, 39204, 39204, 39204, 39204, 39204, 39204 | 57870, 51419, 30016, 29274, 39319, 34481, 59548, 43829, 55470, 12041, 15524, 23706, 84219, 68425, 38600, 39962, 24738, 62769, 27658, 37735, 36674, 45617, 27459, 26925, 33301, 0, 35805, 42449, 43829, 27000, 43324, 43011, 19646, 20223, 58855, 53338, 31240, 61854, 16155, 39000, 60166, 39357, 55226, 49819, 49819, 49819, 49819, 49819, 49819, 49819, 49819, 49819, 49819, 49819, 49819 | 91416, 50219, 44283, 26248, 18867, 46872, 26000, 20124, 65000, 36619, 43829, 40000, 95273, 72111, 11661, 74330, 35128, 97948, 11000, 73498, 37215, 52924, 58240, 11704, 51156, 35805, 0, 10000, 65122, 59808, 25000, 46389, 18867, 26019, 92357, 61326, 45891, 70682, 35510, 65276, 61854, 57070, 76419, 34409, 34409, 34409, 34409, 34409, 34409, 34409, 34409, 34409, 34409, 34409, 34409 | 95273, 45188, 44283, 25079, 27856, 46010, 17204, 12041, 61846, 45177, 52354, 41231, 91416, 67082, 6000, 82006, 35693, 102927, 14866, 79511, 47169, 50009, 61741, 21377, 51351, 42449, 10000, 0, 65276, 64007, 18027, 56320, 27856, 28231, 96176, 57974, 55731, 67052, 38483, 66940, 56797, 66910, 76026, 26907, 26907, 26907, 26907, 26907, 26907, 26907, 26907, 26907, 26907, 26907, 26907 | 40816, 34655, 21023, 40199, 77620, 19646, 77620, 57723, 21587, 55605, 56568, 25317, 42544, 36345, 59304, 60876, 30016, 53712, 54147, 45177, 80262, 22627, 21931, 62817, 14000, 43829, 65122, 65276, 0, 26570, 52497, 86838, 58523, 39319, 41340, 22847, 74411, 26019, 31622, 10000, 34014, 80721, 11704, 51000, 51000, 51000, 51000, 51000, 51000, 51000, 51000, 51000, 51000, 51000, 51000 | 31622, 52201, 28635, 42449, 66189, 31622, 79881, 61073, 46173, 36138, 34438, 26400, 68876, 61131, 58830, 34525, 31890, 39204, 49658, 20615, 62096, 41593, 5000, 52952, 25495, 27000, 59808, 64007, 26570, 0, 57982, 66850, 46270, 36055, 32572, 46000, 52773, 51623, 25806, 17492, 56222, 57008, 35227, 60802, 60802, 60802, 60802, 60802, 60802, 60802, 60802, 60802, 60802, 60802, 60802 | 87418, 27513, 32649, 15620, 43829, 32893, 25317, 6324, 45276, 50358, 56885, 32015, 74040, 49244, 13453, 82764, 26248, 97000, 20396, 76400, 60083, 34000, 54561, 32893, 39395, 43324, 25000, 18027, 52497, 57982, 0, 69260, 36345, 23706, 88232, 41303, 65276, 50009, 32802, 56356, 39000, 76105, 62169, 9433, 9433, 9433, 9433, 9433, 9433, 9433, 9433, 9433, 9433, 9433, 9433 | 93214, 88509, 71421, 62265, 30265, 75690, 70114, 65734, 96938, 31384, 32572, 65053, 126621, 108406, 57271, 56718, 63890, 93005, 49040, 67186, 9219, 85912, 68876, 36400, 75822, 43011, 46389, 56320, 86838, 66850, 69260, 0, 34000, 55217, 94201, 94260, 15033, 103324, 57280, 81492, 99045, 19723, 98183, 78434, 78434, 78434, 78434, 78434, 78434, 78434, 78434, 78434, 78434, 78434, 78434 | 77466, 54644, 39962, 28301, 20000, 43829, 44721, 34014, 64660, 17804, 25000, 34000, 95000, 75073, 26305, 55865, 31400, 82280, 16031, 56797, 25238, 53075, 46000, 7810, 45617, 19646, 18867, 27856, 58523, 46270, 36345, 34000, 0, 21931, 78447, 61619, 29017, 70936, 26925, 55901, 65436, 40012, 70228, 45122, 45122, 45122, 45122, 45122, 45122, 45122, 45122, 45122, 45122, 45122, 45122 | 67082, 33541, 18973, 9055, 39000, 22360, 43829, 25495, 42801, 29427, 35014, 14035, 73239, 53263, 22825, 59093, 9848, 75213, 15033, 53150, 46861, 31144, 33541, 24166, 25495, 20223, 26019, 28231, 39319, 36055, 23706, 55217, 21931, 0, 67977, 39698, 47169, 49040, 10295, 39319, 43829, 57008, 50803, 29614, 29614, 29614, 29614, 29614, 29614, 29614, 29614, 29614, 29614, 29614, 29614 | 1000, 75604, 56080, 73246, 98152, 57280, 111507, 92114, 62169, 66007, 62201, 56302, 72006, 75960, 90785, 44102, 62128, 14000, 82079, 27856, 91197, 63600, 34438, 85375, 50209, 58855, 92357, 96176, 41340, 32572, 88232, 94201, 78447, 67977, 0, 64007, 79246, 65192, 57697, 33301, 75179, 80006, 40521, 89274, 89274, 89274, 89274, 89274, 89274, 89274, 89274, 89274, 89274, 89274, 89274 | 63529, 15524, 23323, 35355, 77698, 18867, 66007, 47518, 4000, 65192, 68425, 29681, 34000, 15524, 52201, 80224, 30413, 76557, 51478, 66189, 86278, 8602, 41000, 63245, 21587, 53338, 61326, 57974, 22847, 46000, 41303, 94260, 61619, 39698, 64007, 0, 84314, 9433, 37443, 32280, 11180, 92660, 26248, 36124, 36124, 36124, 36124, 36124, 36124, 36124, 36124, 36124, 36124, 36124, 36124 | 78262, 80622, 61032, 55362, 34669, 65459, 71568, 63000, 86608, 19209, 18357, 54644, 115433, 99126, 55081, 42201, 54589, 78000, 45044, 52153, 15264, 76321, 55226, 34365, 64536, 31240, 45891, 55731, 74411, 52773, 65276, 15033, 29017, 47169, 79246, 84314, 0, 93005, 46872, 68242, 90354, 11180, 85428, 73824, 73824, 73824, 73824, 73824, 73824, 73824, 73824, 73824, 73824, 73824, 73824 | 64845, 23021, 32015, 44777, 87132, 27658, 74242, 56293, 6403, 73817, 76661, 38418, 24596, 10770, 61351, 86145, 39623, 78447, 60901, 71063, 95462, 18027, 46690, 72670, 29068, 61854, 70682, 67052, 26019, 51623, 50009, 103324, 70936, 49040, 65192, 9433, 93005, 0, 46227, 36013, 13928, 101019, 25059, 44045, 44045, 44045, 44045, 44045, 44045, 44045, 44045, 44045, 44045, 44045, 44045 | 56797, 35510, 14212, 17204, 46097, 18601, 54083, 35383, 39824, 27784, 31622, 7810, 69354, 52354, 33120, 51244, 9000, 65000, 24738, 43600, 49819, 29529, 23259, 31400, 18867, 16155, 35510, 38483, 31622, 25806, 32802, 57280, 26925, 10295, 57697, 37443, 46872, 46227, 0, 30000, 44011, 55461, 43324, 37161, 37161, 37161, 37161, 37161, 37161, 37161, 37161, 37161, 37161, 37161, 37161 | 32649, 42438, 23706, 42379, 75663, 24207, 80777, 60926, 31400, 50119, 50000, 25709, 51478, 46270, 61131, 51244, 31320, 44777, 54332, 35227, 75643, 30528, 13453, 61204, 17204, 39000, 65276, 66940, 10000, 17492, 56356, 81492, 55901, 39319, 33301, 32280, 68242, 36013, 30000, 0, 43324, 73593, 17804, 56400, 56400, 56400, 56400, 56400, 56400, 56400, 56400, 56400, 56400, 56400, 56400 | 74706, 11661, 30805, 37483, 79511, 26476, 61983, 45310, 13453, 71589, 75610, 36687, 35510, 10295, 51478, 90005, 35777, 87726, 53150, 76655, 90603, 15132, 51244, 65764, 31000, 60166, 61854, 56797, 34014, 56222, 39000, 99045, 65436, 43829, 75179, 11180, 90354, 13928, 44011, 43324, 0, 99403, 36796, 31780, 31780, 31780, 31780, 31780, 31780, 31780, 31780, 31780, 31780, 31780, 31780 | 79056, 90138, 69354, 65513, 45177, 73824, 82710, 74027, 94667, 27856, 24413, 63063, 122613, 107782, 66189, 39012, 63694, 76791, 56000, 52201, 24207, 84970, 60207, 45541, 72111, 39357, 57070, 66910, 80721, 57008, 76105, 19723, 40012, 57008, 80006, 92660, 11180, 101019, 55461, 73593, 99403, 0, 91219, 84480, 84480, 84480, 84480, 84480, 84480, 84480, 84480, 84480, 84480, 84480, 84480 | 40261, 40816, 32140, 51000, 89286, 30016, 87475, 67742, 23345, 66850, 67357, 36878, 34481, 35777, 70028, 68154, 41303, 54129, 65490, 51244, 91787, 29546, 31240, 74464, 25317, 55226, 76419, 76026, 11704, 35227, 62169, 98183, 70228, 50803, 40521, 26248, 85428, 25059, 43324, 17804, 36796, 91219, 0, 59464, 59464, 59464, 59464, 59464, 59464, 59464, 59464, 59464, 59464, 59464, 59464 | 88526, 21023, 33241, 20615, 53254, 32202, 30265, 14866, 40112, 58008, 64195, 34409, 67268, 41761, 22803, 88255, 29154, 99085, 29410, 80262, 69289, 30083, 56850, 42154, 39204, 49819, 34409, 26907, 51000, 60802, 9433, 78434, 45122, 29614, 89274, 36124, 73824, 44045, 37161, 56400, 31780, 84480, 59464, 0, 0, 0, 0, 0, 0, 0, 0, 0, 0, 0, 0 | 88526, 21023, 33241, 20615, 53254, 32202, 30265, 14866, 40112, 58008, 64195, 34409, 67268, 41761, 22803, 88255, 29154, 99085, 29410, 80262, 69289, 30083, 56850, 42154, 39204, 49819, 34409, 26907, 51000, 60802, 9433, 78434, 45122, 29614, 89274, 36124, 73824, 44045, 37161, 56400, 31780, 84480, 59464, 0, 0, 0, 0, 0, 0, 0, 0, 0, 0, 0, 0 | 88526, 21023, 33241, 20615, 53254, 32202, 30265, 14866, 40112, 58008, 64195, 34409, 67268, 41761, 22803, 88255, 29154, 99085, 29410, 80262, 69289, 30083, 56850, 42154, 39204, 49819, 34409, 26907, 51000, 60802, 9433, 78434, 45122, 29614, 89274, 36124, 73824, 44045, 37161, 56400, 31780, 84480, 59464, 0, 0, 0, 0, 0, 0, 0, 0, 0, 0, 0, 0 | 88526, 21023, 33241, 20615, 53254, 32202, 30265, 14866, 40112, 58008, 64195, 34409, 67268, 41761, 22803, 88255, 29154, 99085, 29410, 80262, 69289, 30083, 56850, 42154, 39204, 49819, 34409, 26907, 51000, 60802, 9433, 78434, 45122, 29614, 89274, 36124, 73824, 44045, 37161, 56400, 31780, 84480, 59464, 0, 0, 0, 0, 0, 0, 0, 0, 0, 0, 0, 0 | 88526, 21023, 33241, 20615, 53254, 32202, 30265, 14866, 40112, 58008, 64195, 34409, 67268, 41761, 22803, 88255, 29154, 99085, 29410, 80262, 69289, 30083, 56850, 42154, 39204, 49819, 34409, 26907, 51000, 60802, 9433, 78434, 45122, 29614, 89274, 36124, 73824, 44045, 37161, 56400, 31780, 84480, 59464, 0, 0, 0, 0, 0, 0, 0, 0, 0, 0, 0, 0 | 88526, 21023, 33241, 20615, 53254, 32202, 30265, 14866, 40112, 58008, 64195, 34409, 67268, 41761, 22803, 88255, 29154, 99085, 29410, 80262, 69289, 30083, 56850, 42154, 39204, 49819, 34409, 26907, 51000, 60802, 9433, 78434, 45122, 29614, 89274, 36124, 73824, 44045, 37161, 56400, 31780, 84480, 59464, 0, 0, 0, 0, 0, 0, 0, 0, 0, 0, 0, 0 | 88526, 21023, 33241, 20615, 53254, 32202, 30265, 14866, 40112, 58008, 64195, 34409, 67268, 41761, 22803, 88255, 29154, 99085, 29410, 80262, 69289, 30083, 56850, 42154, 39204, 49819, 34409, 26907, 51000, 60802, 9433, 78434, 45122, 29614, 89274, 36124, 73824, 44045, 37161, 56400, 31780, 84480, 59464, 0, 0, 0, 0, 0, 0, 0, 0, 0, 0, 0, 0 | 88526, 21023, 33241, 20615, 53254, 32202, 30265, 14866, 40112, 58008, 64195, 34409, 67268, 41761, 22803, 88255, 29154, 99085, 29410, 80262, 69289, 30083, 56850, 42154, 39204, 49819, 34409, 26907, 51000, 60802, 9433, 78434, 45122, 29614, 89274, 36124, 73824, 44045, 37161, 56400, 31780, 84480, 59464, 0, 0, 0, 0, 0, 0, 0, 0, 0, 0, 0, 0 | 88526, 21023, 33241, 20615, 53254, 32202, 30265, 14866, 40112, 58008, 64195, 34409, 67268, 41761, 22803, 88255, 29154, 99085, 29410, 80262, 69289, 30083, 56850, 42154, 39204, 49819, 34409, 26907, 51000, 60802, 9433, 78434, 45122, 29614, 89274, 36124, 73824, 44045, 37161, 56400, 31780, 84480, 59464, 0, 0, 0, 0, 0, 0, 0, 0, 0, 0, 0, 0 | 88526, 21023, 33241, 20615, 53254, 32202, 30265, 14866, 40112, 58008, 64195, 34409, 67268, 41761, 22803, 88255, 29154, 99085, 29410, 80262, 69289, 30083, 56850, 42154, 39204, 49819, 34409, 26907, 51000, 60802, 9433, 78434, 45122, 29614, 89274, 36124, 73824, 44045, 37161, 56400, 31780, 84480, 59464, 0, 0, 0, 0, 0, 0, 0, 0, 0, 0, 0, 0 | 88526, 21023, 33241, 20615, 53254, 32202, 30265, 14866, 40112, 58008, 64195, 34409, 67268, 41761, 22803, 88255, 29154, 99085, 29410, 80262, 69289, 30083, 56850, 42154, 39204, 49819, 34409, 26907, 51000, 60802, 9433, 78434, 45122, 29614, 89274, 36124, 73824, 44045, 37161, 56400, 31780, 84480, 59464, 0, 0, 0, 0, 0, 0, 0, 0, 0, 0, 0, 0 | 88526, 21023, 33241, 20615, 53254, 32202, 30265, 14866, 40112, 58008, 64195, 34409, 67268, 41761, 22803, 88255, 29154, 99085, 29410, 80262, 69289, 30083, 56850, 42154, 39204, 49819, 34409, 26907, 51000, 60802, 9433, 78434, 45122, 29614, 89274, 36124, 73824, 44045, 37161, 56400, 31780, 84480, 59464, 0, 0, 0, 0, 0, 0, 0, 0, 0, 0, 0, 0 |];
lower_b = 198170;
upper_b = 4222154;
