n = 53;
m = 7;
q = 100;
d = [24, 9, 15, 17, 2, 19, 10, 17, 20, 16, 8, 12, 3, 23, 4, 23, 20, 2, 19, 2, 23, 23, 5, 12, 15, 9, 13, 18, 16, 7, 6, 2, 8, 2, 2, 4, 13, 18, 9, 19, 3, 14, 19, 21, 4, 6, 22, 13, 10, 18, 5, 9, 36, 0, 0, 0, 0, 0, 0, 0, 0, 0, 0, 0, 0, 0, 0];
c = [| 0, 68117, 53814, 44944, 38052, 38626, 30066, 72498, 37576, 18867, 38626, 68468, 40792, 64000, 21260, 43863, 12806, 46173, 70682, 29120, 42000, 58000, 29732, 84593, 90553, 16492, 62128, 38209, 19697, 61611, 75471, 46818, 40496, 67201, 25612, 8485, 73756, 29732, 26683, 82462, 77820, 79624, 48373, 39698, 16000, 74000, 93037, 89196, 22000, 29732, 82462, 54037, 46690, 53665, 53665, 53665, 53665, 53665, 53665, 53665, 53665, 53665, 53665, 53665, 53665, 53665, 53665 | 68117, 0, 48166, 69426, 81633, 36715, 77820, 26076, 60033, 53851, 33526, 4000, 28284, 5656, 57584, 49517, 60299, 87658, 26305, 68000, 77897, 44407, 66241, 21260, 50990, 65115, 6000, 76550, 63906, 62769, 36221, 31240, 63812, 46173, 57271, 74672, 12649, 51264, 79849, 29120, 38052, 22360, 63655, 49396, 69050, 28071, 46818, 30528, 72801, 84308, 26832, 57201, 44045, 68117, 68117, 68117, 68117, 68117, 68117, 68117, 68117, 68117, 68117, 68117, 68117, 68117, 68117 | 53814, 48166, 0, 84403, 86764, 54000, 79649, 31622, 20880, 53851, 26000, 45254, 32249, 48826, 60166, 70114, 41036, 94847, 29732, 73539, 36055, 6000, 72801, 69310, 95707, 40000, 44407, 84308, 64404, 90000, 28000, 56568, 22090, 82000, 63245, 62289, 43266, 24083, 78230, 40792, 81437, 70000, 82873, 14142, 43266, 72470, 93295, 49030, 71693, 82097, 74404, 82024, 8246, 88814, 88814, 88814, 88814, 88814, 88814, 88814, 88814, 88814, 88814, 88814, 88814, 88814, 88814 | 44944, 69426, 84403, 0, 18439, 34409, 21633, 87658, 76000, 32000, 59464, 72138, 55461, 63780, 26076, 20000, 52611, 20396, 86533, 16124, 85510, 86023, 15231, 75153, 62128, 59228, 65053, 12649, 25298, 21540, 95015, 38209, 80024, 38052, 22000, 42190, 80622, 64124, 27202, 95268, 54589, 67230, 8000, 72691, 60166, 56920, 68029, 99035, 25612, 29529, 67675, 18000, 76157, 10000, 10000, 10000, 10000, 10000, 10000, 10000, 10000, 10000, 10000, 10000, 10000, 10000, 10000 | 38052, 81633, 86764, 18439, 0, 44944, 8000, 96166, 74215, 33286, 64404, 83761, 62289, 76157, 27202, 34928, 49030, 8246, 94762, 14142, 80024, 89554, 15620, 90443, 80399, 54332, 76550, 6000, 22360, 39849, 102176, 50990, 77665, 56035, 25455, 32249, 91607, 63906, 12649, 104804, 72111, 82969, 26305, 73539, 54037, 73348, 86023, 109635, 16124, 12806, 83952, 36221, 78714, 27856, 27856, 27856, 27856, 27856, 27856, 27856, 27856, 27856, 27856, 27856, 27856, 27856, 27856 | 38626, 36715, 54000, 34409, 44944, 0, 41231, 53254, 52000, 20396, 28000, 38832, 22360, 31304, 22090, 16492, 36878, 51224, 52153, 31304, 66573, 54332, 29529, 48166, 52801, 43863, 31622, 40000, 28284, 36000, 60827, 8246, 56462, 31622, 20880, 42755, 46861, 39395, 43680, 60959, 39446, 42047, 30463, 45122, 46861, 35440, 54589, 65115, 36878, 48083, 44407, 28071, 46043, 36055, 36055, 36055, 36055, 36055, 36055, 36055, 36055, 36055, 36055, 36055, 36055, 36055, 36055 | 30066, 77820, 79649, 21633, 8000, 41231, 0, 90686, 66483, 26907, 58137, 79649, 56639, 72498, 21260, 34000, 41231, 16124, 89196, 10198, 72027, 82680, 12165, 88294, 81584, 46389, 72470, 10000, 15620, 42941, 96208, 48083, 69856, 56885, 20591, 24331, 87132, 56462, 5656, 99639, 72111, 81215, 28635, 66211, 46043, 72249, 86579, 104861, 8246, 8246, 82607, 37947, 71693, 31622, 31622, 31622, 31622, 31622, 31622, 31622, 31622, 31622, 31622, 31622, 31622, 31622, 31622 | 72498, 26076, 31622, 87658, 96166, 53254, 90686, 0, 50159, 64031, 34000, 22090, 34058, 30066, 69426, 68963, 61351, 103324, 2000, 82024, 67082, 26000, 80622, 43863, 76941, 63560, 26305, 92021, 75286, 85440, 10198, 50990, 52611, 71021, 70710, 80498, 15231, 46690, 91214, 10198, 64124, 47539, 83354, 40000, 67468, 54147, 72277, 18000, 84023, 95603, 51923, 78790, 32062, 88588, 88588, 88588, 88588, 88588, 88588, 88588, 88588, 88588, 88588, 88588, 88588, 88588, 88588 | 37576, 60033, 20880, 76000, 74215, 52000, 66483, 50159, 0, 44000, 28284, 58137, 35383, 58821, 50039, 65969, 25298, 82462, 48166, 62513, 17888, 26683, 62289, 80993, 101212, 21633, 54918, 72993, 52611, 86348, 48373, 57306, 4472, 83186, 54000, 45650, 58821, 12649, 63906, 60033, 86833, 79649, 76419, 10770, 24083, 79246, 100498, 68117, 58240, 67230, 83737, 78102, 18110, 82389, 82389, 82389, 82389, 82389, 82389, 82389, 82389, 82389, 82389, 82389, 82389, 82389, 82389 | 18867, 53851, 53851, 32000, 33286, 20396, 26907, 64031, 44000, 0, 31240, 55027, 30000, 49030, 6324, 25612, 21540, 41182, 62481, 19697, 54405, 56356, 18973, 68000, 71693, 28635, 48083, 30463, 11313, 44721, 69310, 28635, 48041, 48414, 10000, 22360, 61741, 32249, 27202, 73239, 59093, 62289, 32984, 41231, 30528, 55785, 74323, 78892, 20000, 31622, 64776, 36715, 45694, 38832, 38832, 38832, 38832, 38832, 38832, 38832, 38832, 38832, 38832, 38832, 38832, 38832, 38832 | 38626, 33526, 26000, 59464, 64404, 28000, 58137, 34000, 28284, 31240, 0, 32557, 7211, 31304, 37202, 44181, 28284, 72111, 32249, 50477, 45607, 26683, 49396, 53665, 73239, 32062, 27856, 61057, 42520, 64000, 38209, 31048, 32557, 56920, 39446, 46518, 36055, 17888, 58000, 43863, 58821, 51613, 57271, 18867, 36055, 50990, 72249, 50596, 50911, 62289, 55605, 56035, 18110, 63150, 63150, 63150, 63150, 63150, 63150, 63150, 63150, 63150, 63150, 63150, 63150, 63150, 63150 | 68468, 4000, 45254, 72138, 83761, 38832, 79649, 22090, 58137, 55027, 32557, 0, 28000, 8944, 59093, 52345, 60033, 90000, 22360, 69971, 76026, 41231, 68264, 24083, 54918, 64498, 7211, 78816, 65391, 66241, 32249, 33941, 61773, 50000, 59059, 75312, 8944, 50000, 81437, 25298, 42047, 26000, 66603, 47413, 68468, 32062, 50596, 27202, 74323, 85906, 30463, 60464, 41617, 71217, 71217, 71217, 71217, 71217, 71217, 71217, 71217, 71217, 71217, 71217, 71217, 71217, 71217 | 40792, 28284, 32249, 55461, 62289, 22360, 56639, 34058, 35383, 30000, 7211, 28000, 0, 25298, 35383, 38832, 32062, 69656, 32557, 48166, 52497, 32062, 46861, 47539, 66030, 36878, 22360, 58412, 41231, 58137, 40000, 24331, 39698, 50000, 36878, 48083, 32984, 24413, 57201, 43266, 51613, 44944, 52497, 26076, 40792, 43863, 65115, 49193, 50000, 61611, 48826, 50358, 24738, 58240, 58240, 58240, 58240, 58240, 58240, 58240, 58240, 58240, 58240, 58240, 58240, 58240, 58240 | 64000, 5656, 48826, 63780, 76157, 31304, 72498, 30066, 58821, 49030, 31304, 8944, 25298, 0, 52497, 43863, 56885, 82097, 30000, 62609, 76550, 45650, 60827, 22360, 48083, 62096, 4472, 71021, 58821, 57306, 40000, 25612, 62801, 41231, 52000, 70256, 17888, 49193, 74672, 34176, 34525, 21260, 58000, 48414, 65969, 24738, 44721, 36055, 67675, 79120, 25612, 51613, 43863, 62481, 62481, 62481, 62481, 62481, 62481, 62481, 62481, 62481, 62481, 62481, 62481, 62481, 62481 | 21260, 57584, 60166, 26076, 27202, 22090, 21260, 69426, 50039, 6324, 37202, 59093, 35383, 52497, 0, 22803, 26683, 34985, 67941, 13416, 59665, 62609, 12649, 70256, 70682, 33526, 52000, 24166, 6324, 40496, 75073, 30000, 54000, 46647, 4472, 22360, 66241, 38470, 22360, 78409, 58821, 64000, 27856, 47539, 34928, 56568, 74000, 83761, 15231, 26832, 66121, 32802, 52000, 33526, 33526, 33526, 33526, 33526, 33526, 33526, 33526, 33526, 33526, 33526, 33526, 33526, 33526 | 43863, 49517, 70114, 20000, 34928, 16492, 34000, 68963, 65969, 25612, 44181, 52345, 38832, 43863, 22803, 0, 46647, 39395, 68000, 24083, 78790, 70710, 22090, 55713, 48703, 53851, 45343, 29120, 26832, 20396, 76967, 18439, 70342, 24166, 18867, 44944, 60959, 53366, 38209, 76026, 38209, 48083, 14422, 60299, 56035, 38470, 52952, 79397, 32984, 42047, 49030, 12165, 62032, 19697, 19697, 19697, 19697, 19697, 19697, 19697, 19697, 19697, 19697, 19697, 19697, 19697, 19697 | 12806, 60299, 41036, 52611, 49030, 36878, 41231, 61351, 25298, 21540, 28284, 60033, 32062, 56885, 26683, 46647, 0, 57271, 59464, 38000, 32984, 45343, 38052, 78587, 89643, 7211, 54332, 48166, 28000, 66211, 63529, 44407, 28635, 67941, 31048, 21260, 64280, 16970, 38626, 71470, 76026, 74672, 54405, 26907, 10000, 70710, 90972, 78587, 32984, 42047, 78000, 58137, 34058, 60166, 60166, 60166, 60166, 60166, 60166, 60166, 60166, 60166, 60166, 60166, 60166, 60166, 60166 | 46173, 87658, 94847, 20396, 8246, 51224, 16124, 103324, 82462, 41182, 72111, 90000, 69656, 82097, 34985, 39395, 57271, 0, 101980, 21633, 88090, 97529, 22803, 95078, 82000, 62513, 82800, 11313, 30463, 40199, 109635, 56603, 85906, 58309, 32802, 40049, 98081, 72111, 20099, 111731, 74966, 87315, 28284, 81706, 62128, 77201, 88204, 116275, 24331, 18973, 87931, 38209, 86764, 28071, 28071, 28071, 28071, 28071, 28071, 28071, 28071, 28071, 28071, 28071, 28071, 28071, 28071 | 70682, 26305, 29732, 86533, 94762, 52153, 89196, 2000, 48166, 62481, 32249, 22360, 32557, 30000, 67941, 68000, 59464, 101980, 0, 80622, 65115, 24166, 79246, 44721, 77278, 61611, 26076, 90686, 73756, 84758, 10000, 50159, 50635, 70710, 69310, 78714, 16124, 44721, 89643, 12165, 64280, 48083, 82365, 38000, 65513, 54332, 72801, 20000, 82462, 94021, 52497, 78000, 30066, 87658, 87658, 87658, 87658, 87658, 87658, 87658, 87658, 87658, 87658, 87658, 87658, 87658, 87658 | 29120, 68000, 73539, 16124, 14142, 31304, 10198, 82024, 62513, 19697, 50477, 69971, 48166, 62609, 13416, 24083, 38000, 21633, 80622, 0, 70455, 76026, 2000, 78102, 72277, 44181, 62769, 10770, 10000, 35608, 88090, 37947, 66272, 47539, 11313, 26076, 77665, 51419, 14142, 90686, 62289, 71021, 21260, 60728, 44721, 62128, 76941, 95603, 10000, 18000, 72443, 29529, 65391, 25612, 25612, 25612, 25612, 25612, 25612, 25612, 25612, 25612, 25612, 25612, 25612, 25612, 25612 | 42000, 77897, 36055, 85510, 80024, 66573, 72027, 67082, 17888, 54405, 45607, 76026, 52497, 76550, 59665, 78790, 32984, 88090, 65115, 70455, 0, 42047, 70710, 98792, 117592, 26305, 72718, 80099, 60530, 98792, 64031, 72801, 14560, 98183, 64031, 48373, 76550, 28284, 68264, 76655, 103324, 97200, 87361, 28635, 26000, 96208, 117388, 84852, 64000, 70710, 101212, 90620, 35440, 93145, 93145, 93145, 93145, 93145, 93145, 93145, 93145, 93145, 93145, 93145, 93145, 93145, 93145 | 58000, 44407, 6000, 86023, 89554, 54332, 82680, 26000, 26683, 56356, 26683, 41231, 32062, 45650, 62609, 70710, 45343, 97529, 24166, 76026, 42047, 0, 75153, 65299, 93230, 44944, 41182, 86764, 67230, 90199, 22000, 56035, 28071, 80894, 65391, 66483, 38418, 28425, 81608, 34928, 79120, 66573, 83952, 18867, 48373, 69856, 90354, 43174, 74886, 85603, 71021, 82389, 11313, 89822, 89822, 89822, 89822, 89822, 89822, 89822, 89822, 89822, 89822, 89822, 89822, 89822, 89822 | 29732, 66241, 72801, 15231, 15620, 29529, 12165, 80622, 62289, 18973, 49396, 68264, 46861, 60827, 12649, 22090, 38052, 22803, 79246, 2000, 70710, 75153, 0, 76157, 70342, 44407, 61057, 11661, 10198, 34058, 86833, 36055, 66121, 45607, 10000, 27202, 76026, 50990, 16124, 89196, 60299, 69050, 19798, 60166, 45122, 60133, 74966, 94021, 11661, 20000, 70455, 27784, 64621, 24413, 24413, 24413, 24413, 24413, 24413, 24413, 24413, 24413, 24413, 24413, 24413, 24413, 24413 | 84593, 21260, 69310, 75153, 90443, 48166, 88294, 43863, 80993, 68000, 53665, 24083, 47539, 22360, 70256, 55713, 78587, 95078, 44721, 78102, 98792, 65299, 76157, 0, 36496, 84118, 26076, 84758, 76419, 62481, 53851, 40447, 84876, 42426, 68731, 90088, 28635, 71554, 91411, 42755, 27784, 8485, 68000, 70455, 87931, 19798, 30000, 40000, 84852, 95707, 10770, 59363, 65299, 71021, 71021, 71021, 71021, 71021, 71021, 71021, 71021, 71021, 71021, 71021, 71021, 71021, 71021 | 90553, 50990, 95707, 62128, 80399, 52801, 81584, 76941, 101212, 71693, 73239, 54918, 66030, 48083, 70682, 48703, 89643, 82000, 77278, 72277, 117592, 93230, 70342, 36496, 0, 96540, 52497, 74431, 75392, 42190, 87132, 45343, 105603, 24738, 67230, 93037, 62289, 89375, 86348, 78025, 14422, 30000, 54147, 92086, 99639, 23409, 8485, 76236, 81608, 89822, 26076, 44181, 89554, 54037, 54037, 54037, 54037, 54037, 54037, 54037, 54037, 54037, 54037, 54037, 54037, 54037, 54037 | 16492, 65115, 40000, 59228, 54332, 43863, 46389, 63560, 21633, 28635, 32062, 64498, 36878, 62096, 33526, 53851, 7211, 62513, 61611, 44181, 26305, 44944, 44407, 84118, 96540, 0, 59228, 54000, 34234, 73348, 64621, 51224, 24166, 75073, 37947, 24166, 68000, 17088, 43174, 73756, 82800, 80622, 61351, 26076, 4000, 77175, 97652, 81215, 38209, 46173, 84095, 65299, 34000, 67052, 67052, 67052, 67052, 67052, 67052, 67052, 67052, 67052, 67052, 67052, 67052, 67052, 67052 | 62128, 6000, 44407, 65053, 76550, 31622, 72470, 26305, 54918, 48083, 27856, 7211, 22360, 4472, 52000, 45343, 54332, 82800, 26076, 62769, 72718, 41182, 61057, 26076, 52497, 59228, 0, 71610, 58309, 59933, 36055, 26907, 58821, 44721, 51884, 68731, 15620, 45694, 74323, 31304, 38832, 25612, 59665, 44407, 63150, 29120, 49193, 34058, 67230, 78790, 30000, 53851, 39597, 64404, 64404, 64404, 64404, 64404, 64404, 64404, 64404, 64404, 64404, 64404, 64404, 64404, 64404 | 38209, 76550, 84308, 12649, 6000, 40000, 10000, 92021, 72993, 30463, 61057, 78816, 58412, 71021, 24166, 29120, 48166, 11313, 90686, 10770, 80099, 86764, 11661, 84758, 74431, 54000, 71610, 0, 20396, 34176, 98407, 45650, 76655, 50039, 21633, 33526, 86833, 62096, 15620, 100419, 66121, 77201, 20396, 71470, 54147, 67468, 80024, 104995, 16492, 17204, 78102, 30265, 76157, 22360, 22360, 22360, 22360, 22360, 22360, 22360, 22360, 22360, 22360, 22360, 22360, 22360, 22360 | 19697, 63906, 64404, 25298, 22360, 28284, 15620, 75286, 52611, 11313, 42520, 65391, 41231, 58821, 6324, 26832, 28000, 30463, 73756, 10000, 60530, 67230, 10198, 76419, 75392, 34234, 58309, 20396, 0, 42520, 80622, 36055, 56320, 50990, 8246, 18439, 72470, 41761, 16124, 84403, 64031, 70028, 28844, 51264, 34928, 62289, 79120, 89888, 8944, 20591, 72027, 35383, 56356, 34000, 34000, 34000, 34000, 34000, 34000, 34000, 34000, 34000, 34000, 34000, 34000, 34000, 34000 | 61611, 62769, 90000, 21540, 39849, 36000, 42941, 85440, 86348, 44721, 64000, 66241, 58137, 57306, 40496, 20396, 66211, 40199, 84758, 35608, 98792, 90199, 34058, 62481, 42190, 73348, 59933, 34176, 42520, 0, 94254, 34928, 90708, 20591, 36055, 60827, 75179, 73756, 48373, 91235, 37576, 54037, 14422, 80622, 75179, 42801, 49030, 93295, 45607, 50990, 53254, 8246, 82024, 12165, 12165, 12165, 12165, 12165, 12165, 12165, 12165, 12165, 12165, 12165, 12165, 12165, 12165 | 75471, 36221, 28000, 95015, 102176, 60827, 96208, 10198, 48373, 69310, 38209, 32249, 40000, 40000, 75073, 76967, 63529, 109635, 10000, 88090, 64031, 22000, 86833, 53851, 87132, 64621, 36055, 98407, 80622, 94254, 0, 59464, 50039, 80622, 76837, 83761, 25298, 47539, 96208, 14422, 74242, 57723, 91235, 39293, 68352, 64280, 82462, 22360, 89106, 100498, 62096, 87315, 31048, 96664, 96664, 96664, 96664, 96664, 96664, 96664, 96664, 96664, 96664, 96664, 96664, 96664, 96664 | 46818, 31240, 56568, 38209, 50990, 8246, 48083, 50990, 57306, 28635, 31048, 33941, 24331, 25612, 30000, 18439, 44407, 56603, 50159, 37947, 72801, 56035, 36055, 40447, 45343, 51224, 26907, 45650, 36055, 34928, 59464, 0, 61773, 26000, 28284, 50990, 42520, 44944, 50990, 57688, 31622, 34000, 32802, 49396, 54405, 27202, 46647, 60959, 44407, 55317, 36221, 27856, 49030, 37735, 37735, 37735, 37735, 37735, 37735, 37735, 37735, 37735, 37735, 37735, 37735, 37735, 37735 | 40496, 63812, 22090, 80024, 77665, 56462, 69856, 52611, 4472, 48041, 32557, 61773, 39698, 62801, 54000, 70342, 28635, 85906, 50635, 66272, 14560, 28071, 66121, 84876, 105603, 24166, 58821, 76655, 56320, 90708, 50039, 61773, 0, 87658, 58034, 48332, 62032, 17088, 67052, 62289, 91214, 83737, 80622, 14422, 26076, 83546, 104804, 70455, 61611, 70228, 87863, 82462, 20880, 86579, 86579, 86579, 86579, 86579, 86579, 86579, 86579, 86579, 86579, 86579, 86579, 86579, 86579 | 67201, 46173, 82000, 38052, 56035, 31622, 56885, 71021, 83186, 48414, 56920, 50000, 50000, 41231, 46647, 24166, 67941, 58309, 70710, 47539, 98183, 80894, 45607, 42426, 24738, 75073, 44721, 50039, 50990, 20591, 80622, 26000, 87658, 0, 42941, 68963, 58821, 70710, 61611, 75286, 17088, 33941, 30066, 75392, 77794, 22627, 30000, 76157, 56920, 65115, 32802, 20099, 74726, 31048, 31048, 31048, 31048, 31048, 31048, 31048, 31048, 31048, 31048, 31048, 31048, 31048, 31048 | 25612, 57271, 63245, 22000, 25455, 20880, 20591, 70710, 54000, 10000, 39446, 59059, 36878, 52000, 4472, 18867, 31048, 32802, 69310, 11313, 64031, 65391, 10000, 68731, 67230, 37947, 51884, 21633, 8246, 36055, 76837, 28284, 58034, 42941, 0, 26076, 66573, 42190, 22803, 79397, 55785, 62128, 23409, 50990, 39395, 54147, 70880, 84403, 16124, 27202, 64000, 28425, 55027, 29120, 29120, 29120, 29120, 29120, 29120, 29120, 29120, 29120, 29120, 29120, 29120, 29120, 29120 | 8485, 74672, 62289, 42190, 32249, 42755, 24331, 80498, 45650, 22360, 46518, 75312, 48083, 70256, 22360, 44944, 21260, 40049, 78714, 26076, 48373, 66483, 27202, 90088, 93037, 24166, 68731, 33526, 18439, 60827, 83761, 50990, 48332, 68963, 26076, 0, 81043, 38209, 20000, 90376, 80993, 84593, 46861, 48166, 22803, 78102, 96208, 96932, 17088, 22360, 87132, 53814, 55172, 51613, 51613, 51613, 51613, 51613, 51613, 51613, 51613, 51613, 51613, 51613, 51613, 51613, 51613 | 73756, 12649, 43266, 80622, 91607, 46861, 87132, 15231, 58821, 61741, 36055, 8944, 32984, 17888, 66241, 60959, 64280, 98081, 16124, 77665, 76550, 38418, 76026, 28635, 62289, 68000, 15620, 86833, 72470, 75179, 25298, 42520, 62032, 58821, 66573, 81043, 0, 52345, 88588, 16492, 50039, 32557, 75286, 48083, 72000, 40049, 57271, 18439, 81412, 93059, 36878, 69339, 41231, 80000, 80000, 80000, 80000, 80000, 80000, 80000, 80000, 80000, 80000, 80000, 80000, 80000, 80000 | 29732, 51264, 24083, 64124, 63906, 39395, 56462, 46690, 12649, 32249, 17888, 50000, 24413, 49193, 38470, 53366, 16970, 72111, 44721, 51419, 28284, 28425, 50990, 71554, 89375, 17088, 45694, 62096, 41761, 73756, 47539, 44944, 17088, 70710, 42190, 38209, 52345, 0, 54589, 56885, 75073, 69339, 64124, 10000, 20880, 67941, 89106, 64498, 48332, 58309, 73239, 65513, 17204, 70114, 70114, 70114, 70114, 70114, 70114, 70114, 70114, 70114, 70114, 70114, 70114, 70114, 70114 | 26683, 79849, 78230, 27202, 12649, 43680, 5656, 91214, 63906, 27202, 58000, 81437, 57201, 74672, 22360, 38209, 38626, 20099, 89643, 14142, 68264, 81608, 16124, 91411, 86348, 43174, 74323, 15620, 16124, 48373, 96208, 50990, 67052, 61611, 22803, 20000, 88588, 54589, 0, 100439, 76419, 84593, 34000, 64498, 42426, 76026, 91082, 106000, 7211, 4472, 86209, 43081, 70455, 37202, 37202, 37202, 37202, 37202, 37202, 37202, 37202, 37202, 37202, 37202, 37202, 37202, 37202 | 82462, 29120, 40792, 95268, 104804, 60959, 99639, 10198, 60033, 73239, 43863, 25298, 43266, 34176, 78409, 76026, 71470, 111731, 12165, 90686, 76655, 34928, 89196, 42755, 78025, 73756, 31304, 100419, 84403, 91235, 14422, 57688, 62289, 75286, 79397, 90376, 16492, 56885, 100439, 0, 66272, 48041, 90443, 50039, 77665, 56320, 72443, 8246, 93230, 104861, 52153, 85088, 42000, 95414, 95414, 95414, 95414, 95414, 95414, 95414, 95414, 95414, 95414, 95414, 95414, 95414, 95414 | 77820, 38052, 81437, 54589, 72111, 39446, 72111, 64124, 86833, 59093, 58821, 42047, 51613, 34525, 58821, 38209, 76026, 74966, 64280, 62289, 103324, 79120, 60299, 27784, 14422, 82800, 38832, 66121, 64031, 37576, 74242, 31622, 91214, 17088, 55785, 80993, 50039, 75073, 76419, 66272, 0, 19697, 46690, 77665, 86023, 10000, 15231, 65513, 71021, 80224, 17204, 36878, 75179, 48083, 48083, 48083, 48083, 48083, 48083, 48083, 48083, 48083, 48083, 48083, 48083, 48083, 48083 | 79624, 22360, 70000, 67230, 82969, 42047, 81215, 47539, 79649, 62289, 51613, 26000, 44944, 21260, 64000, 48083, 74672, 87315, 48083, 71021, 97200, 66573, 69050, 8485, 30000, 80622, 25612, 77201, 70028, 54037, 57723, 34000, 83737, 33941, 62128, 84593, 32557, 69339, 84593, 48041, 19697, 0, 59933, 69426, 84308, 11313, 24738, 46389, 78230, 88814, 4472, 51107, 65115, 62769, 62769, 62769, 62769, 62769, 62769, 62769, 62769, 62769, 62769, 62769, 62769, 62769, 62769 | 48373, 63655, 82873, 8000, 26305, 30463, 28635, 83354, 76419, 32984, 57271, 66603, 52497, 58000, 27856, 14422, 54405, 28284, 82365, 21260, 87361, 83952, 19798, 68000, 54147, 61351, 59665, 20396, 28844, 14422, 91235, 32802, 80622, 30066, 23409, 46861, 75286, 64124, 34000, 90443, 46690, 59933, 0, 72027, 62769, 49396, 60033, 93722, 31240, 36769, 60166, 10000, 74672, 6000, 6000, 6000, 6000, 6000, 6000, 6000, 6000, 6000, 6000, 6000, 6000, 6000, 6000 | 39698, 49396, 14142, 72691, 73539, 45122, 66211, 40000, 10770, 41231, 18867, 47413, 26076, 48414, 47539, 60299, 26907, 81706, 38000, 60728, 28635, 18867, 60166, 70455, 92086, 26076, 44407, 71470, 51264, 80622, 39293, 49396, 14422, 75392, 50990, 48166, 48083, 10000, 64498, 50039, 77665, 69426, 72027, 0, 29529, 69656, 90906, 58000, 58137, 68264, 73593, 72443, 8246, 78025, 78025, 78025, 78025, 78025, 78025, 78025, 78025, 78025, 78025, 78025, 78025, 78025, 78025 | 16000, 69050, 43266, 60166, 54037, 46861, 46043, 67468, 24083, 30528, 36055, 68468, 40792, 65969, 34928, 56035, 10000, 62128, 65513, 44721, 26000, 48373, 45122, 87931, 99639, 4000, 63150, 54147, 34928, 75179, 68352, 54405, 26076, 77794, 39395, 22803, 72000, 20880, 42426, 77665, 86023, 84308, 62769, 29529, 0, 80622, 100955, 85158, 38000, 45122, 87726, 67230, 37576, 68352, 68352, 68352, 68352, 68352, 68352, 68352, 68352, 68352, 68352, 68352, 68352, 68352, 68352 | 74000, 28071, 72470, 56920, 73348, 35440, 72249, 54147, 79246, 55785, 50990, 32062, 43863, 24738, 56568, 38470, 70710, 77201, 54332, 62128, 96208, 69856, 60133, 19798, 23409, 77175, 29120, 67468, 62289, 42801, 64280, 27202, 83546, 22627, 54147, 78102, 40049, 67941, 76026, 56320, 10000, 11313, 49396, 69656, 80622, 0, 21260, 55785, 70028, 80099, 10770, 40249, 66573, 51884, 51884, 51884, 51884, 51884, 51884, 51884, 51884, 51884, 51884, 51884, 51884, 51884, 51884 | 93037, 46818, 93295, 68029, 86023, 54589, 86579, 72277, 100498, 74323, 72249, 50596, 65115, 44721, 74000, 52952, 90972, 88204, 72801, 76941, 117388, 90354, 74966, 30000, 8485, 97652, 49193, 80024, 79120, 49030, 82462, 46647, 104804, 30000, 70880, 96208, 57271, 89106, 91082, 72443, 15231, 24738, 60033, 90906, 100955, 21260, 0, 70000, 85906, 94762, 20396, 50039, 87658, 60530, 60530, 60530, 60530, 60530, 60530, 60530, 60530, 60530, 60530, 60530, 60530, 60530, 60530 | 89196, 30528, 49030, 99035, 109635, 65115, 104861, 18000, 68117, 78892, 50596, 27202, 49193, 36055, 83761, 79397, 78587, 116275, 20000, 95603, 84852, 43174, 94021, 40000, 76236, 81215, 34058, 104995, 89888, 93295, 22360, 60959, 70455, 76157, 84403, 96932, 18439, 64498, 106000, 8246, 65513, 46389, 93722, 58000, 85158, 55785, 70000, 0, 98792, 110453, 50159, 87658, 50039, 98407, 98407, 98407, 98407, 98407, 98407, 98407, 98407, 98407, 98407, 98407, 98407, 98407, 98407 | 22000, 72801, 71693, 25612, 16124, 36878, 8246, 84023, 58240, 20000, 50911, 74323, 50000, 67675, 15231, 32984, 32984, 24331, 82462, 10000, 64000, 74886, 11661, 84852, 81608, 38209, 67230, 16492, 8944, 45607, 89106, 44407, 61611, 56920, 16124, 17088, 81412, 48332, 7211, 93230, 71021, 78230, 31240, 58137, 38000, 70028, 85906, 98792, 0, 11661, 80024, 39446, 63812, 35383, 35383, 35383, 35383, 35383, 35383, 35383, 35383, 35383, 35383, 35383, 35383, 35383, 35383 | 29732, 84308, 82097, 29529, 12806, 48083, 8246, 95603, 67230, 31622, 62289, 85906, 61611, 79120, 26832, 42047, 42047, 18973, 94021, 18000, 70710, 85603, 20000, 95707, 89822, 46173, 78790, 17204, 20591, 50990, 100498, 55317, 70228, 65115, 27202, 22360, 93059, 58309, 4472, 104861, 80224, 88814, 36769, 68264, 45122, 80099, 94762, 110453, 11661, 0, 90354, 46173, 74404, 39446, 39446, 39446, 39446, 39446, 39446, 39446, 39446, 39446, 39446, 39446, 39446, 39446, 39446 | 82462, 26832, 74404, 67675, 83952, 44407, 82607, 51923, 83737, 64776, 55605, 30463, 48826, 25612, 66121, 49030, 78000, 87931, 52497, 72443, 101212, 71021, 70455, 10770, 26076, 84095, 30000, 78102, 72027, 53254, 62096, 36221, 87863, 32802, 64000, 87132, 36878, 73239, 86209, 52153, 17204, 4472, 60166, 73593, 87726, 10770, 20396, 50159, 80024, 90354, 0, 50990, 69426, 62609, 62609, 62609, 62609, 62609, 62609, 62609, 62609, 62609, 62609, 62609, 62609, 62609, 62609 | 54037, 57201, 82024, 18000, 36221, 28071, 37947, 78790, 78102, 36715, 56035, 60464, 50358, 51613, 32802, 12165, 58137, 38209, 78000, 29529, 90620, 82389, 27784, 59363, 44181, 65299, 53851, 30265, 35383, 8246, 87315, 27856, 82462, 20099, 28425, 53814, 69339, 65513, 43081, 85088, 36878, 51107, 10000, 72443, 67230, 40249, 50039, 87658, 39446, 46173, 50990, 0, 74000, 11661, 11661, 11661, 11661, 11661, 11661, 11661, 11661, 11661, 11661, 11661, 11661, 11661, 11661 | 46690, 44045, 8246, 76157, 78714, 46043, 71693, 32062, 18110, 45694, 18110, 41617, 24738, 43863, 52000, 62032, 34058, 86764, 30066, 65391, 35440, 11313, 64621, 65299, 89554, 34000, 39597, 76157, 56356, 82024, 31048, 49030, 20880, 74726, 55027, 55172, 41231, 17204, 70455, 42000, 75179, 65115, 74672, 8246, 37576, 66573, 87658, 50039, 63812, 74404, 69426, 74000, 0, 80622, 80622, 80622, 80622, 80622, 80622, 80622, 80622, 80622, 80622, 80622, 80622, 80622, 80622 | 53665, 68117, 88814, 10000, 27856, 36055, 31622, 88588, 82389, 38832, 63150, 71217, 58240, 62481, 33526, 19697, 60166, 28071, 87658, 25612, 93145, 89822, 24413, 71021, 54037, 67052, 64404, 22360, 34000, 12165, 96664, 37735, 86579, 31048, 29120, 51613, 80000, 70114, 37202, 95414, 48083, 62769, 6000, 78025, 68352, 51884, 60530, 98407, 35383, 39446, 62609, 11661, 80622, 0, 0, 0, 0, 0, 0, 0, 0, 0, 0, 0, 0, 0, 0 | 53665, 68117, 88814, 10000, 27856, 36055, 31622, 88588, 82389, 38832, 63150, 71217, 58240, 62481, 33526, 19697, 60166, 28071, 87658, 25612, 93145, 89822, 24413, 71021, 54037, 67052, 64404, 22360, 34000, 12165, 96664, 37735, 86579, 31048, 29120, 51613, 80000, 70114, 37202, 95414, 48083, 62769, 6000, 78025, 68352, 51884, 60530, 98407, 35383, 39446, 62609, 11661, 80622, 0, 0, 0, 0, 0, 0, 0, 0, 0, 0, 0, 0, 0, 0 | 53665, 68117, 88814, 10000, 27856, 36055, 31622, 88588, 82389, 38832, 63150, 71217, 58240, 62481, 33526, 19697, 60166, 28071, 87658, 25612, 93145, 89822, 24413, 71021, 54037, 67052, 64404, 22360, 34000, 12165, 96664, 37735, 86579, 31048, 29120, 51613, 80000, 70114, 37202, 95414, 48083, 62769, 6000, 78025, 68352, 51884, 60530, 98407, 35383, 39446, 62609, 11661, 80622, 0, 0, 0, 0, 0, 0, 0, 0, 0, 0, 0, 0, 0, 0 | 53665, 68117, 88814, 10000, 27856, 36055, 31622, 88588, 82389, 38832, 63150, 71217, 58240, 62481, 33526, 19697, 60166, 28071, 87658, 25612, 93145, 89822, 24413, 71021, 54037, 67052, 64404, 22360, 34000, 12165, 96664, 37735, 86579, 31048, 29120, 51613, 80000, 70114, 37202, 95414, 48083, 62769, 6000, 78025, 68352, 51884, 60530, 98407, 35383, 39446, 62609, 11661, 80622, 0, 0, 0, 0, 0, 0, 0, 0, 0, 0, 0, 0, 0, 0 | 53665, 68117, 88814, 10000, 27856, 36055, 31622, 88588, 82389, 38832, 63150, 71217, 58240, 62481, 33526, 19697, 60166, 28071, 87658, 25612, 93145, 89822, 24413, 71021, 54037, 67052, 64404, 22360, 34000, 12165, 96664, 37735, 86579, 31048, 29120, 51613, 80000, 70114, 37202, 95414, 48083, 62769, 6000, 78025, 68352, 51884, 60530, 98407, 35383, 39446, 62609, 11661, 80622, 0, 0, 0, 0, 0, 0, 0, 0, 0, 0, 0, 0, 0, 0 | 53665, 68117, 88814, 10000, 27856, 36055, 31622, 88588, 82389, 38832, 63150, 71217, 58240, 62481, 33526, 19697, 60166, 28071, 87658, 25612, 93145, 89822, 24413, 71021, 54037, 67052, 64404, 22360, 34000, 12165, 96664, 37735, 86579, 31048, 29120, 51613, 80000, 70114, 37202, 95414, 48083, 62769, 6000, 78025, 68352, 51884, 60530, 98407, 35383, 39446, 62609, 11661, 80622, 0, 0, 0, 0, 0, 0, 0, 0, 0, 0, 0, 0, 0, 0 | 53665, 68117, 88814, 10000, 27856, 36055, 31622, 88588, 82389, 38832, 63150, 71217, 58240, 62481, 33526, 19697, 60166, 28071, 87658, 25612, 93145, 89822, 24413, 71021, 54037, 67052, 64404, 22360, 34000, 12165, 96664, 37735, 86579, 31048, 29120, 51613, 80000, 70114, 37202, 95414, 48083, 62769, 6000, 78025, 68352, 51884, 60530, 98407, 35383, 39446, 62609, 11661, 80622, 0, 0, 0, 0, 0, 0, 0, 0, 0, 0, 0, 0, 0, 0 | 53665, 68117, 88814, 10000, 27856, 36055, 31622, 88588, 82389, 38832, 63150, 71217, 58240, 62481, 33526, 19697, 60166, 28071, 87658, 25612, 93145, 89822, 24413, 71021, 54037, 67052, 64404, 22360, 34000, 12165, 96664, 37735, 86579, 31048, 29120, 51613, 80000, 70114, 37202, 95414, 48083, 62769, 6000, 78025, 68352, 51884, 60530, 98407, 35383, 39446, 62609, 11661, 80622, 0, 0, 0, 0, 0, 0, 0, 0, 0, 0, 0, 0, 0, 0 | 53665, 68117, 88814, 10000, 27856, 36055, 31622, 88588, 82389, 38832, 63150, 71217, 58240, 62481, 33526, 19697, 60166, 28071, 87658, 25612, 93145, 89822, 24413, 71021, 54037, 67052, 64404, 22360, 34000, 12165, 96664, 37735, 86579, 31048, 29120, 51613, 80000, 70114, 37202, 95414, 48083, 62769, 6000, 78025, 68352, 51884, 60530, 98407, 35383, 39446, 62609, 11661, 80622, 0, 0, 0, 0, 0, 0, 0, 0, 0, 0, 0, 0, 0, 0 | 53665, 68117, 88814, 10000, 27856, 36055, 31622, 88588, 82389, 38832, 63150, 71217, 58240, 62481, 33526, 19697, 60166, 28071, 87658, 25612, 93145, 89822, 24413, 71021, 54037, 67052, 64404, 22360, 34000, 12165, 96664, 37735, 86579, 31048, 29120, 51613, 80000, 70114, 37202, 95414, 48083, 62769, 6000, 78025, 68352, 51884, 60530, 98407, 35383, 39446, 62609, 11661, 80622, 0, 0, 0, 0, 0, 0, 0, 0, 0, 0, 0, 0, 0, 0 | 53665, 68117, 88814, 10000, 27856, 36055, 31622, 88588, 82389, 38832, 63150, 71217, 58240, 62481, 33526, 19697, 60166, 28071, 87658, 25612, 93145, 89822, 24413, 71021, 54037, 67052, 64404, 22360, 34000, 12165, 96664, 37735, 86579, 31048, 29120, 51613, 80000, 70114, 37202, 95414, 48083, 62769, 6000, 78025, 68352, 51884, 60530, 98407, 35383, 39446, 62609, 11661, 80622, 0, 0, 0, 0, 0, 0, 0, 0, 0, 0, 0, 0, 0, 0 | 53665, 68117, 88814, 10000, 27856, 36055, 31622, 88588, 82389, 38832, 63150, 71217, 58240, 62481, 33526, 19697, 60166, 28071, 87658, 25612, 93145, 89822, 24413, 71021, 54037, 67052, 64404, 22360, 34000, 12165, 96664, 37735, 86579, 31048, 29120, 51613, 80000, 70114, 37202, 95414, 48083, 62769, 6000, 78025, 68352, 51884, 60530, 98407, 35383, 39446, 62609, 11661, 80622, 0, 0, 0, 0, 0, 0, 0, 0, 0, 0, 0, 0, 0, 0 | 53665, 68117, 88814, 10000, 27856, 36055, 31622, 88588, 82389, 38832, 63150, 71217, 58240, 62481, 33526, 19697, 60166, 28071, 87658, 25612, 93145, 89822, 24413, 71021, 54037, 67052, 64404, 22360, 34000, 12165, 96664, 37735, 86579, 31048, 29120, 51613, 80000, 70114, 37202, 95414, 48083, 62769, 6000, 78025, 68352, 51884, 60530, 98407, 35383, 39446, 62609, 11661, 80622, 0, 0, 0, 0, 0, 0, 0, 0, 0, 0, 0, 0, 0, 0 | 53665, 68117, 88814, 10000, 27856, 36055, 31622, 88588, 82389, 38832, 63150, 71217, 58240, 62481, 33526, 19697, 60166, 28071, 87658, 25612, 93145, 89822, 24413, 71021, 54037, 67052, 64404, 22360, 34000, 12165, 96664, 37735, 86579, 31048, 29120, 51613, 80000, 70114, 37202, 95414, 48083, 62769, 6000, 78025, 68352, 51884, 60530, 98407, 35383, 39446, 62609, 11661, 80622, 0, 0, 0, 0, 0, 0, 0, 0, 0, 0, 0, 0, 0, 0 |];
lower_b = 196814;
upper_b = 5201507;
