n = 54;
m = 9;
q = 100;
d = [3, 12, 25, 4, 11, 20, 21, 10, 20, 13, 14, 16, 17, 11, 36, 6, 7, 21, 11, 17, 22, 10, 19, 21, 23, 19, 15, 22, 7, 11, 15, 22, 12, 24, 25, 2, 15, 18, 13, 3, 20, 14, 10, 10, 66, 10, 7, 12, 24, 5, 18, 7, 11, 12, 0, 0, 0, 0, 0, 0, 0, 0, 0, 0, 0, 0, 0, 0, 0, 0, 0, 0];
c = [| 0, 87361, 78006, 76059, 55659, 13152, 86162, 52773, 30265, 53600, 80112, 53009, 56938, 81024, 80112, 58258, 80156, 31764, 60802, 89089, 53084, 68117, 39293, 43104, 55226, 83294, 60464, 54037, 41677, 78816, 85988, 47095, 75325, 79309, 26683, 61983, 73109, 54488, 43011, 60876, 53009, 86313, 14866, 29017, 5830, 84023, 39824, 26870, 36124, 29732, 98681, 44045, 54120, 49244, 60440, 60440, 60440, 60440, 60440, 60440, 60440, 60440, 60440, 60440, 60440, 60440, 60440, 60440, 60440, 60440, 60440, 60440 | 87361, 0, 23769, 57974, 31780, 74330, 56142, 45967, 80224, 34885, 14212, 38600, 91400, 26172, 14212, 51478, 19416, 68242, 87367, 28442, 41109, 85883, 96540, 109808, 64637, 31016, 89308, 82800, 65795, 72801, 37013, 42544, 19235, 17720, 78025, 41880, 30083, 49648, 73006, 42544, 68600, 39012, 75133, 100169, 81743, 26000, 59413, 77935, 87823, 78816, 12727, 109635, 36013, 94111, 48548, 48548, 48548, 48548, 48548, 48548, 48548, 48548, 48548, 48548, 48548, 48548, 48548, 48548, 48548, 48548, 48548, 48548 | 78006, 23769, 0, 34205, 29681, 65007, 33060, 27856, 79479, 25961, 32388, 25000, 70007, 4242, 32388, 60141, 4472, 52497, 65299, 12083, 25317, 62968, 78390, 92179, 43139, 9433, 67357, 61522, 47413, 49040, 15652, 31064, 6708, 6082, 76216, 20808, 7071, 56586, 76321, 51855, 47423, 17464, 68731, 84504, 73027, 6708, 60901, 62297, 88238, 62393, 35341, 91787, 38418, 74027, 26907, 26907, 26907, 26907, 26907, 26907, 26907, 26907, 26907, 26907, 26907, 26907, 26907, 26907, 26907, 26907, 26907, 26907 | 76059, 57974, 34205, 0, 51546, 65513, 11000, 28600, 89827, 43081, 65122, 36674, 43462, 32310, 65122, 83384, 38600, 44384, 37121, 34409, 33120, 32015, 59304, 72835, 22203, 28653, 39357, 36400, 34785, 14866, 24839, 41340, 39458, 40261, 85632, 22472, 28284, 78790, 92005, 76843, 26019, 23345, 73006, 70064, 72945, 33541, 76843, 51662, 99035, 50009, 69289, 72006, 60745, 50695, 18601, 18601, 18601, 18601, 18601, 18601, 18601, 18601, 18601, 18601, 18601, 18601, 18601, 18601, 18601, 18601, 18601, 18601 | 55659, 31780, 29681, 51546, 0, 42720, 55946, 26019, 50695, 9000, 25612, 16000, 70228, 33837, 25612, 32249, 29546, 40607, 68154, 41677, 20000, 69584, 69814, 82073, 46389, 38418, 69641, 61983, 41629, 63953, 43863, 15231, 24166, 27856, 47853, 29120, 29000, 28017, 46647, 25298, 49030, 45254, 43416, 70936, 50000, 36359, 31304, 49517, 59135, 51088, 43081, 82134, 9433, 70235, 34365, 34365, 34365, 34365, 34365, 34365, 34365, 34365, 34365, 34365, 34365, 34365, 34365, 34365, 34365, 34365, 34365, 34365 | 13152, 74330, 65007, 65513, 42720, 0, 75133, 40521, 29410, 40447, 67535, 40012, 53450, 68117, 67535, 49244, 67067, 22671, 55946, 76236, 40311, 62265, 40112, 47759, 46010, 70576, 56080, 48754, 32526, 70035, 73545, 34014, 62201, 66189, 25000, 49729, 60299, 44944, 39000, 50447, 44598, 73979, 9486, 34014, 8062, 71112, 31384, 21840, 37576, 25000, 85796, 48383, 41880, 47518, 48846, 48846, 48846, 48846, 48846, 48846, 48846, 48846, 48846, 48846, 48846, 48846, 48846, 48846, 48846, 48846, 48846, 48846 | 86162, 56142, 33060, 11000, 55946, 75133, 0, 36235, 98081, 48259, 65375, 42638, 53758, 30016, 65375, 88192, 37000, 54708, 47169, 29410, 39623, 41182, 70256, 83725, 33136, 25179, 49396, 47074, 45354, 21260, 19646, 48104, 39319, 39012, 94021, 28319, 28861, 83862, 99085, 80956, 37013, 17720, 82152, 81055, 82764, 30265, 83630, 62369, 107298, 60827, 66287, 82873, 65368, 61392, 26627, 26627, 26627, 26627, 26627, 26627, 26627, 26627, 26627, 26627, 26627, 26627, 26627, 26627, 26627, 26627, 26627, 26627 | 52773, 45967, 27856, 28600, 26019, 40521, 36235, 0, 61846, 17029, 46957, 10049, 46141, 29832, 46957, 56044, 31304, 24738, 43081, 37336, 6082, 43737, 51039, 64660, 20615, 31064, 44777, 37589, 20000, 38897, 33241, 13000, 28017, 31384, 57801, 9219, 21587, 51244, 63411, 50487, 23769, 33541, 46518, 56648, 48507, 32756, 48259, 34481, 71063, 34539, 58694, 64350, 34234, 48166, 10000, 10000, 10000, 10000, 10000, 10000, 10000, 10000, 10000, 10000, 10000, 10000, 10000, 10000, 10000, 10000, 10000, 10000 | 30265, 80224, 79479, 89827, 50695, 29410, 98081, 61846, 0, 53712, 69065, 56938, 82861, 83384, 69065, 36249, 80006, 51000, 85234, 91547, 59076, 91235, 68264, 73334, 73006, 87235, 85440, 78000, 60207, 96829, 91706, 50774, 74632, 78447, 4472, 70213, 76922, 34481, 14212, 42449, 72401, 92660, 19924, 59211, 27018, 86162, 21023, 51244, 9219, 54405, 89050, 74242, 44283, 76687, 71589, 71589, 71589, 71589, 71589, 71589, 71589, 71589, 71589, 71589, 71589, 71589, 71589, 71589, 71589, 71589, 71589, 71589 | 53600, 34885, 25961, 43081, 9000, 40447, 48259, 17029, 53712, 0, 32015, 7000, 61846, 29732, 32015, 40311, 27166, 33970, 59481, 37947, 11000, 60671, 62968, 75742, 37483, 33541, 61032, 53488, 33615, 55108, 38275, 7810, 22022, 26019, 50328, 20615, 23323, 35777, 51855, 33955, 40261, 39408, 43104, 65459, 48259, 32572, 36235, 43416, 62609, 44598, 47169, 75690, 17720, 62433, 25495, 25495, 25495, 25495, 25495, 25495, 25495, 25495, 25495, 25495, 25495, 25495, 25495, 25495, 25495, 25495, 25495, 25495 | 80112, 14212, 32388, 65122, 25612, 67535, 65375, 46957, 69065, 32015, 0, 37735, 93059, 35902, 0, 37947, 28861, 65795, 89961, 40311, 41182, 89810, 94921, 107480, 67230, 41231, 91706, 84534, 65459, 79511, 47539, 39698, 26076, 26683, 67364, 45607, 37000, 36674, 60530, 29120, 70682, 49477, 66730, 96540, 74323, 36687, 48041, 74966, 76059, 76380, 20000, 107489, 26248, 94302, 52201, 52201, 52201, 52201, 52201, 52201, 52201, 52201, 52201, 52201, 52201, 52201, 52201, 52201, 52201, 52201, 52201, 52201 | 53009, 38600, 25000, 36674, 16000, 40012, 42638, 10049, 56938, 7000, 37735, 0, 55461, 28160, 37735, 46818, 27294, 29681, 52810, 36345, 4000, 53758, 58051, 71217, 30594, 31048, 54424, 47010, 27802, 48270, 34928, 6324, 22803, 26683, 53235, 14422, 20615, 42154, 56568, 40792, 33526, 35777, 44147, 61773, 48041, 31144, 41036, 39446, 66037, 40224, 51224, 71063, 24515, 56612, 18681, 18681, 18681, 18681, 18681, 18681, 18681, 18681, 18681, 18681, 18681, 18681, 18681, 18681, 18681, 18681, 18681, 18681 | 56938, 91400, 70007, 43462, 70228, 53450, 53758, 46141, 82861, 61846, 93059, 55461, 0, 70092, 93059, 94339, 74276, 34014, 7000, 75000, 51884, 15297, 21954, 32557, 26907, 68410, 5099, 8602, 28861, 35128, 66573, 55027, 72470, 75073, 78447, 49678, 62936, 89358, 91411, 91411, 22803, 65513, 62936, 36055, 57271, 72346, 80099, 31622, 90824, 28460, 104019, 31400, 76400, 9848, 43185, 43185, 43185, 43185, 43185, 43185, 43185, 43185, 43185, 43185, 43185, 43185, 43185, 43185, 43185, 43185, 43185, 43185 | 81024, 26172, 4242, 32310, 33837, 68117, 30016, 29832, 83384, 29732, 35902, 28160, 70092, 0, 35902, 64381, 7071, 54571, 65069, 8246, 28017, 62201, 79605, 93471, 43416, 5385, 67178, 61717, 48846, 47169, 11704, 34365, 10816, 9219, 80056, 21931, 8246, 60827, 80454, 56080, 47801, 13601, 72180, 86330, 76164, 3000, 65000, 64288, 92195, 64195, 37000, 93021, 42638, 74632, 27459, 27459, 27459, 27459, 27459, 27459, 27459, 27459, 27459, 27459, 27459, 27459, 27459, 27459, 27459, 27459, 27459, 27459 | 80112, 14212, 32388, 65122, 25612, 67535, 65375, 46957, 69065, 32015, 0, 37735, 93059, 35902, 0, 37947, 28861, 65795, 89961, 40311, 41182, 89810, 94921, 107480, 67230, 41231, 91706, 84534, 65459, 79511, 47539, 39698, 26076, 26683, 67364, 45607, 37000, 36674, 60530, 29120, 70682, 49477, 66730, 96540, 74323, 36687, 48041, 74966, 76059, 76380, 20000, 107489, 26248, 94302, 52201, 52201, 52201, 52201, 52201, 52201, 52201, 52201, 52201, 52201, 52201, 52201, 52201, 52201, 52201, 52201, 52201, 52201 | 58258, 51478, 60141, 83384, 32249, 49244, 88192, 56044, 36249, 40311, 37947, 46818, 94339, 64381, 37947, 0, 58728, 60671, 94005, 71449, 50596, 97252, 87281, 96664, 74672, 69426, 95047, 87051, 66007, 94921, 75286, 43174, 53740, 56639, 36359, 60926, 60802, 5000, 24331, 8944, 76236, 76837, 43416, 83186, 52801, 66468, 18439, 66483, 41000, 69123, 57271, 97169, 22825, 91591, 65459, 65459, 65459, 65459, 65459, 65459, 65459, 65459, 65459, 65459, 65459, 65459, 65459, 65459, 65459, 65459, 65459, 65459 | 80156, 19416, 4472, 38600, 29546, 67067, 37000, 31304, 80006, 27166, 28861, 27294, 74276, 7071, 28861, 58728, 0, 55713, 69656, 12727, 28160, 67416, 82152, 95880, 47381, 12369, 71700, 65764, 51107, 53450, 18681, 33060, 5385, 2236, 76922, 24839, 11401, 55443, 76059, 50209, 51623, 20615, 70256, 87846, 75026, 8062, 60835, 65551, 88600, 65795, 30870, 95524, 37735, 78102, 31112, 31112, 31112, 31112, 31112, 31112, 31112, 31112, 31112, 31112, 31112, 31112, 31112, 31112, 31112, 31112, 31112, 31112 | 31764, 68242, 52497, 44384, 40607, 22671, 54708, 24738, 51000, 33970, 65795, 29681, 34014, 54571, 65795, 60671, 55713, 0, 34928, 61983, 27730, 40311, 29206, 41773, 23600, 55578, 35510, 27658, 10000, 47507, 57035, 26172, 51894, 55542, 46529, 33241, 46324, 55731, 57974, 58523, 21931, 57000, 31622, 32202, 29206, 57489, 46097, 9848, 59682, 10630, 80802, 41725, 44721, 31048, 30066, 30066, 30066, 30066, 30066, 30066, 30066, 30066, 30066, 30066, 30066, 30066, 30066, 30066, 30066, 30066, 30066, 30066 | 60802, 87367, 65299, 37121, 68154, 55946, 47169, 43081, 85234, 59481, 89961, 52810, 7000, 65069, 89961, 94005, 69656, 34928, 0, 69526, 49040, 8544, 28231, 39458, 22825, 63031, 2236, 7280, 28000, 28160, 60802, 53150, 68242, 70604, 80777, 45486, 58258, 89005, 92892, 90448, 19313, 59640, 65391, 42059, 60539, 67178, 80752, 34481, 93520, 31384, 99864, 38327, 74966, 16492, 38832, 38832, 38832, 38832, 38832, 38832, 38832, 38832, 38832, 38832, 38832, 38832, 38832, 38832, 38832, 38832, 38832, 38832 | 89089, 28442, 12083, 34409, 41677, 76236, 29410, 37336, 91547, 37947, 40311, 36345, 75000, 8246, 40311, 71449, 12727, 61983, 69526, 0, 36013, 65795, 86005, 99924, 48877, 6708, 71700, 66850, 55659, 48877, 9848, 42579, 17804, 14866, 88255, 28861, 16000, 68117, 88323, 62936, 53338, 11704, 80411, 93407, 84291, 5385, 72945, 71589, 100319, 71309, 37215, 99403, 50219, 80262, 33615, 33615, 33615, 33615, 33615, 33615, 33615, 33615, 33615, 33615, 33615, 33615, 33615, 33615, 33615, 33615, 33615, 33615 | 53084, 41109, 25317, 33120, 20000, 40311, 39623, 6082, 59076, 11000, 41182, 4000, 51884, 28017, 41182, 50596, 28160, 27730, 49040, 36013, 0, 49819, 55443, 68818, 26683, 30265, 50695, 43382, 24758, 44384, 33526, 8485, 24166, 27856, 55226, 11313, 20024, 45880, 59464, 44721, 29732, 34176, 45221, 59933, 48373, 31016, 44045, 37576, 68242, 38078, 53814, 68600, 28442, 53413, 14866, 14866, 14866, 14866, 14866, 14866, 14866, 14866, 14866, 14866, 14866, 14866, 14866, 14866, 14866, 14866, 14866, 14866 | 68117, 85883, 62968, 32015, 69584, 62265, 41182, 43737, 91235, 60671, 89810, 53758, 15297, 62201, 89810, 97252, 67416, 40311, 8544, 65795, 49819, 0, 36769, 47853, 23194, 59548, 10198, 14142, 32015, 20880, 56586, 55081, 66648, 68600, 86764, 44384, 56080, 92265, 98030, 93005, 21023, 55226, 71589, 50537, 67424, 64031, 85146, 41400, 99764, 38418, 98112, 46690, 77103, 25000, 37696, 37696, 37696, 37696, 37696, 37696, 37696, 37696, 37696, 37696, 37696, 37696, 37696, 37696, 37696, 37696, 37696, 37696 | 39293, 96540, 78390, 59304, 69814, 40112, 70256, 51039, 68264, 62968, 94921, 58051, 21954, 79605, 94921, 87281, 82152, 29206, 28231, 86005, 55443, 36769, 0, 13928, 38078, 79309, 26832, 24331, 31064, 54589, 79056, 55226, 79056, 82377, 64124, 57706, 71589, 82540, 79056, 86406, 33734, 78447, 49000, 14212, 41303, 82292, 70611, 21023, 75133, 18867, 109224, 13416, 73573, 12206, 52392, 52392, 52392, 52392, 52392, 52392, 52392, 52392, 52392, 52392, 52392, 52392, 52392, 52392, 52392, 52392, 52392, 52392 | 43104, 109808, 92179, 72835, 82073, 47759, 83725, 64660, 73334, 75742, 107480, 71217, 32557, 93471, 107480, 96664, 95880, 41773, 39458, 99924, 68818, 47853, 13928, 0, 51923, 93230, 37656, 37013, 44777, 67067, 92973, 67941, 92649, 96041, 69584, 71554, 85422, 92135, 85510, 96747, 47539, 92347, 55542, 14142, 46690, 96176, 79120, 32557, 79000, 31144, 122441, 1414, 85000, 23086, 66309, 66309, 66309, 66309, 66309, 66309, 66309, 66309, 66309, 66309, 66309, 66309, 66309, 66309, 66309, 66309, 66309, 66309 | 55226, 64637, 43139, 22203, 46389, 46010, 33136, 20615, 73006, 37483, 67230, 30594, 26907, 43416, 67230, 74672, 47381, 23600, 22825, 48877, 26683, 23194, 38078, 51923, 0, 42190, 24698, 18384, 13601, 24041, 41231, 32000, 45607, 48166, 68600, 22803, 36069, 69720, 77820, 70028, 4472, 40496, 54488, 48000, 52801, 45803, 63906, 29732, 82006, 27892, 77201, 51244, 54009, 31384, 16278, 16278, 16278, 16278, 16278, 16278, 16278, 16278, 16278, 16278, 16278, 16278, 16278, 16278, 16278, 16278, 16278, 16278 | 83294, 31016, 9433, 28653, 38418, 70576, 25179, 31064, 87235, 33541, 41231, 31048, 68410, 5385, 41231, 69426, 12369, 55578, 63031, 6708, 30265, 59548, 79309, 93230, 42190, 0, 65192, 60216, 49040, 43382, 6324, 37363, 16124, 14560, 83773, 22360, 10440, 65764, 84876, 61220, 46647, 8246, 75186, 86833, 78638, 5099, 69339, 65115, 96150, 64761, 41231, 92703, 47423, 73573, 26925, 26925, 26925, 26925, 26925, 26925, 26925, 26925, 26925, 26925, 26925, 26925, 26925, 26925, 26925, 26925, 26925, 26925 | 60464, 89308, 67357, 39357, 69641, 56080, 49396, 44777, 85440, 61032, 91706, 54424, 5099, 67178, 91706, 95047, 71700, 35510, 2236, 71700, 50695, 10198, 26832, 37656, 24698, 65192, 0, 8000, 29068, 30265, 63007, 54571, 70213, 72622, 80993, 47434, 60307, 90049, 93391, 91662, 21023, 61854, 65551, 40816, 60415, 69310, 81498, 34438, 93621, 31304, 101833, 36496, 76295, 14866, 40804, 40804, 40804, 40804, 40804, 40804, 40804, 40804, 40804, 40804, 40804, 40804, 40804, 40804, 40804, 40804, 40804, 40804 | 54037, 82800, 61522, 36400, 61983, 48754, 47074, 37589, 78000, 53488, 84534, 47010, 8602, 61717, 84534, 87051, 65764, 27658, 7280, 66850, 43382, 14142, 24331, 37013, 18384, 60216, 8000, 0, 21095, 30265, 58668, 46840, 63890, 66528, 73539, 41109, 54451, 82054, 85615, 83725, 14212, 57706, 58180, 37336, 53535, 64031, 73552, 27459, 86330, 24413, 95425, 36055, 68447, 14317, 34655, 34655, 34655, 34655, 34655, 34655, 34655, 34655, 34655, 34655, 34655, 34655, 34655, 34655, 34655, 34655, 34655, 34655 | 41677, 65795, 47413, 34785, 41629, 32526, 45354, 20000, 60207, 33615, 65459, 27802, 28861, 48846, 65459, 66007, 51107, 10000, 28000, 55659, 24758, 32015, 31064, 44777, 13601, 49040, 29068, 21095, 0, 37536, 49648, 26400, 48010, 51312, 55758, 26925, 40718, 61008, 66128, 62649, 12206, 49365, 41231, 37854, 39204, 51623, 53150, 17117, 69065, 16031, 78517, 44418, 47539, 28844, 22360, 22360, 22360, 22360, 22360, 22360, 22360, 22360, 22360, 22360, 22360, 22360, 22360, 22360, 22360, 22360, 22360, 22360 | 78816, 72801, 49040, 14866, 63953, 70035, 21260, 38897, 96829, 55108, 79511, 48270, 35128, 47169, 79511, 94921, 53450, 47507, 28160, 48877, 44384, 20880, 54589, 67067, 24041, 43382, 30265, 30265, 37536, 0, 39115, 51865, 54129, 55081, 92455, 35128, 42953, 90138, 100846, 89050, 25806, 37443, 78517, 67186, 76694, 48332, 86313, 52478, 105891, 50119, 84154, 66030, 72780, 44011, 29614, 29614, 29614, 29614, 29614, 29614, 29614, 29614, 29614, 29614, 29614, 29614, 29614, 29614, 29614, 29614, 29614, 29614 | 85988, 37013, 15652, 24839, 43863, 73545, 19646, 33241, 91706, 38275, 47539, 34928, 66573, 11704, 47539, 75286, 18681, 57035, 60802, 9848, 33526, 56586, 79056, 92973, 41231, 6324, 63007, 58668, 49648, 39115, 0, 41231, 22360, 20880, 88102, 24083, 15000, 71505, 90000, 67201, 45694, 2000, 78746, 87475, 81584, 11045, 74404, 66272, 100722, 65620, 46690, 92357, 53037, 72449, 27294, 27294, 27294, 27294, 27294, 27294, 27294, 27294, 27294, 27294, 27294, 27294, 27294, 27294, 27294, 27294, 27294, 27294 | 47095, 42544, 31064, 41340, 15231, 34014, 48104, 13000, 50774, 7810, 39698, 6324, 55027, 34365, 39698, 43174, 33060, 26172, 53150, 42579, 8485, 55081, 55226, 67941, 32000, 37363, 54571, 46840, 26400, 51865, 41231, 0, 28284, 32249, 47010, 19798, 26925, 38327, 50990, 38052, 34234, 42047, 37854, 57688, 42000, 37336, 35608, 35608, 59908, 36796, 54918, 67896, 22022, 55072, 22825, 22825, 22825, 22825, 22825, 22825, 22825, 22825, 22825, 22825, 22825, 22825, 22825, 22825, 22825, 22825, 22825, 22825 | 75325, 19235, 6708, 39458, 24166, 62201, 39319, 28017, 74632, 22022, 26076, 22803, 72470, 10816, 26076, 53740, 5385, 51894, 68242, 17804, 24166, 66648, 79056, 92649, 45607, 16124, 70213, 63890, 48010, 54129, 22360, 28284, 0, 4000, 71568, 22803, 11180, 50328, 70710, 45343, 49678, 24166, 65122, 84095, 70114, 12727, 55461, 61741, 83216, 62177, 31622, 92357, 32449, 75690, 29410, 29410, 29410, 29410, 29410, 29410, 29410, 29410, 29410, 29410, 29410, 29410, 29410, 29410, 29410, 29410, 29410, 29410 | 79309, 17720, 6082, 40261, 27856, 66189, 39012, 31384, 78447, 26019, 26683, 26683, 75073, 9219, 26683, 56639, 2236, 55542, 70604, 14866, 27856, 68600, 82377, 96041, 48166, 14560, 72622, 66528, 51312, 55081, 20880, 32249, 4000, 0, 75432, 25455, 12529, 53413, 74242, 48083, 52345, 22803, 69115, 87726, 74108, 10295, 59093, 65391, 86977, 65741, 29529, 95718, 35846, 78644, 31890, 31890, 31890, 31890, 31890, 31890, 31890, 31890, 31890, 31890, 31890, 31890, 31890, 31890, 31890, 31890, 31890, 31890 | 26683, 78025, 76216, 85632, 47853, 25000, 94021, 57801, 4472, 50328, 67364, 53235, 78447, 80056, 67364, 36359, 76922, 46529, 80777, 88255, 55226, 86764, 64124, 69584, 68600, 83773, 80993, 73539, 55758, 92455, 88102, 47010, 71568, 75432, 0, 66287, 73409, 34014, 16552, 41785, 67955, 89005, 15524, 55443, 23021, 82873, 19646, 46840, 13453, 50000, 87281, 70455, 42011, 72367, 67475, 67475, 67475, 67475, 67475, 67475, 67475, 67475, 67475, 67475, 67475, 67475, 67475, 67475, 67475, 67475, 67475, 67475 | 61983, 41880, 20808, 22472, 29120, 49729, 28319, 9219, 70213, 20615, 45607, 14422, 49678, 21931, 45607, 60926, 24839, 33241, 45486, 28861, 11313, 44384, 57706, 71554, 22803, 22360, 47434, 41109, 26925, 35128, 24083, 19798, 22803, 25455, 66287, 0, 13892, 56364, 70767, 54405, 26907, 24331, 55542, 64560, 57723, 24698, 55317, 42755, 79404, 42449, 54405, 71119, 38275, 53263, 6708, 6708, 6708, 6708, 6708, 6708, 6708, 6708, 6708, 6708, 6708, 6708, 6708, 6708, 6708, 6708, 6708, 6708 | 73109, 30083, 7071, 28284, 29000, 60299, 28861, 21587, 76922, 23323, 37000, 20615, 62936, 8246, 37000, 60802, 11401, 46324, 58258, 16000, 20024, 56080, 71589, 85422, 36069, 10440, 60307, 54451, 40718, 42953, 15000, 26925, 11180, 12529, 73409, 13892, 0, 56850, 75000, 53000, 40360, 16278, 64761, 78108, 68359, 11180, 59405, 56044, 85883, 55973, 42059, 85000, 38288, 67007, 19849, 19849, 19849, 19849, 19849, 19849, 19849, 19849, 19849, 19849, 19849, 19849, 19849, 19849, 19849, 19849, 19849, 19849 | 54488, 49648, 56586, 78790, 28017, 44944, 83862, 51244, 34481, 35777, 36674, 42154, 89358, 60827, 36674, 5000, 55443, 55731, 89005, 68117, 45880, 92265, 82540, 92135, 69720, 65764, 90049, 82054, 61008, 90138, 71505, 38327, 50328, 53413, 34014, 56364, 56850, 0, 24020, 8062, 71253, 73000, 39623, 78771, 48918, 63031, 15000, 61684, 40199, 64288, 56435, 92612, 18601, 86683, 60745, 60745, 60745, 60745, 60745, 60745, 60745, 60745, 60745, 60745, 60745, 60745, 60745, 60745, 60745, 60745, 60745, 60745 | 43011, 73006, 76321, 92005, 46647, 39000, 99085, 63411, 14212, 51855, 60530, 56568, 91411, 80454, 60530, 24331, 76059, 57974, 92892, 88323, 59464, 98030, 79056, 85510, 77820, 84876, 93391, 85615, 66128, 100846, 90000, 50990, 70710, 74242, 16552, 70767, 75000, 24020, 0, 32000, 78000, 91214, 30149, 71386, 38832, 83006, 15620, 60299, 16763, 63387, 80399, 86313, 38483, 86284, 73409, 73409, 73409, 73409, 73409, 73409, 73409, 73409, 73409, 73409, 73409, 73409, 73409, 73409, 73409, 73409, 73409, 73409 | 60876, 42544, 51855, 76843, 25298, 50447, 80956, 50487, 42449, 33955, 29120, 40792, 91411, 56080, 29120, 8944, 50209, 58523, 90448, 62936, 44721, 93005, 86406, 96747, 70028, 61220, 91662, 83725, 62649, 89050, 67201, 38052, 45343, 48083, 41785, 54405, 53000, 8062, 32000, 0, 72027, 68818, 46097, 83761, 55172, 58051, 22360, 65391, 48259, 67779, 48662, 97128, 16278, 89560, 59439, 59439, 59439, 59439, 59439, 59439, 59439, 59439, 59439, 59439, 59439, 59439, 59439, 59439, 59439, 59439, 59439, 59439 | 53009, 68600, 47423, 26019, 49030, 44598, 37013, 23769, 72401, 40261, 70682, 33526, 22803, 47801, 70682, 76236, 51623, 21931, 19313, 53338, 29732, 21023, 33734, 47539, 4472, 46647, 21023, 14212, 12206, 25806, 45694, 34234, 49678, 52345, 67955, 26907, 40360, 71253, 78000, 72027, 0, 44944, 53413, 44045, 50990, 50219, 64560, 26832, 81271, 24698, 81215, 46840, 56222, 26925, 20518, 20518, 20518, 20518, 20518, 20518, 20518, 20518, 20518, 20518, 20518, 20518, 20518, 20518, 20518, 20518, 20518, 20518 | 86313, 39012, 17464, 23345, 45254, 73979, 17720, 33541, 92660, 39408, 49477, 35777, 65513, 13601, 49477, 76837, 20615, 57000, 59640, 11704, 34176, 55226, 78447, 92347, 40496, 8246, 61854, 57706, 49365, 37443, 2000, 42047, 24166, 22803, 89005, 24331, 16278, 73000, 91214, 68818, 44944, 0, 79378, 87132, 82000, 13038, 75604, 66121, 101710, 65375, 48662, 91706, 54488, 71589, 27073, 27073, 27073, 27073, 27073, 27073, 27073, 27073, 27073, 27073, 27073, 27073, 27073, 27073, 27073, 27073, 27073, 27073 | 14866, 75133, 68731, 73006, 43416, 9486, 82152, 46518, 19924, 43104, 66730, 44147, 62936, 72180, 66730, 43416, 70256, 31622, 65391, 80411, 45221, 71589, 49000, 55542, 54488, 75186, 65551, 58180, 41231, 78517, 78746, 37854, 65122, 69115, 15524, 55542, 64761, 39623, 30149, 46097, 53413, 79378, 0, 41484, 9433, 75133, 25000, 31320, 28178, 34481, 85866, 56293, 40496, 56885, 55569, 55569, 55569, 55569, 55569, 55569, 55569, 55569, 55569, 55569, 55569, 55569, 55569, 55569, 55569, 55569, 55569, 55569 | 29017, 100169, 84504, 70064, 70936, 34014, 81055, 56648, 59211, 65459, 96540, 61773, 36055, 86330, 96540, 83186, 87846, 32202, 42059, 93407, 59933, 50537, 14212, 14142, 48000, 86833, 40816, 37336, 37854, 67186, 87475, 57688, 84095, 87726, 55443, 64560, 78108, 78771, 71386, 83761, 44045, 87132, 41484, 0, 32557, 89185, 65391, 22360, 65030, 22135, 112605, 15033, 72917, 26400, 60207, 60207, 60207, 60207, 60207, 60207, 60207, 60207, 60207, 60207, 60207, 60207, 60207, 60207, 60207, 60207, 60207, 60207 | 5830, 81743, 73027, 72945, 50000, 8062, 82764, 48507, 27018, 48259, 74323, 48041, 57271, 76164, 74323, 52801, 75026, 29206, 60539, 84291, 48373, 67424, 41303, 46690, 52801, 78638, 60415, 53535, 39204, 76694, 81584, 42000, 70114, 74108, 23021, 57723, 68359, 48918, 38832, 55172, 50990, 82000, 9433, 32557, 0, 79158, 34409, 26076, 33955, 29154, 92973, 47518, 48301, 50289, 56648, 56648, 56648, 56648, 56648, 56648, 56648, 56648, 56648, 56648, 56648, 56648, 56648, 56648, 56648, 56648, 56648, 56648 | 84023, 26000, 6708, 33541, 36359, 71112, 30265, 32756, 86162, 32572, 36687, 31144, 72346, 3000, 36687, 66468, 8062, 57489, 67178, 5385, 31016, 64031, 82292, 96176, 45803, 5099, 69310, 64031, 51623, 48332, 11045, 37336, 12727, 10295, 82873, 24698, 11180, 63031, 83006, 58051, 50219, 13038, 75133, 89185, 79158, 0, 67601, 67186, 94936, 67052, 36138, 95707, 45000, 77103, 30016, 30016, 30016, 30016, 30016, 30016, 30016, 30016, 30016, 30016, 30016, 30016, 30016, 30016, 30016, 30016, 30016, 30016 | 39824, 59413, 60901, 76843, 31304, 31384, 83630, 48259, 21023, 36235, 48041, 41036, 80099, 65000, 48041, 18439, 60835, 46097, 80752, 72945, 44045, 85146, 70611, 79120, 63906, 69339, 81498, 73552, 53150, 86313, 74404, 35608, 55461, 59093, 19646, 55317, 59405, 15000, 15620, 22360, 64560, 75604, 25000, 65391, 34409, 67601, 0, 50358, 28442, 53235, 68029, 79711, 23769, 76164, 58249, 58249, 58249, 58249, 58249, 58249, 58249, 58249, 58249, 58249, 58249, 58249, 58249, 58249, 58249, 58249, 58249, 58249 | 26870, 77935, 62297, 51662, 49517, 21840, 62369, 34481, 51244, 43416, 74966, 39446, 31622, 64288, 74966, 66483, 65551, 9848, 34481, 71589, 37576, 41400, 21023, 32557, 29732, 65115, 34438, 27459, 17117, 52478, 66272, 35608, 61741, 65391, 46840, 42755, 56044, 61684, 60299, 65391, 26832, 66121, 31320, 22360, 26076, 67186, 50358, 0, 59236, 3162, 90443, 32649, 52697, 26019, 39051, 39051, 39051, 39051, 39051, 39051, 39051, 39051, 39051, 39051, 39051, 39051, 39051, 39051, 39051, 39051, 39051, 39051 | 36124, 87823, 88238, 99035, 59135, 37576, 107298, 71063, 9219, 62609, 76059, 66037, 90824, 92195, 76059, 41000, 88600, 59682, 93520, 100319, 68242, 99764, 75133, 79000, 82006, 96150, 93621, 86330, 69065, 105891, 100722, 59908, 83216, 86977, 13453, 79404, 85883, 40199, 16763, 48259, 81271, 101710, 28178, 65030, 33955, 94936, 28442, 59236, 0, 62393, 96046, 80006, 52172, 84202, 80808, 80808, 80808, 80808, 80808, 80808, 80808, 80808, 80808, 80808, 80808, 80808, 80808, 80808, 80808, 80808, 80808, 80808 | 29732, 78816, 62393, 50009, 51088, 25000, 60827, 34539, 54405, 44598, 76380, 40224, 28460, 64195, 76380, 69123, 65795, 10630, 31384, 71309, 38078, 38418, 18867, 31144, 27892, 64761, 31304, 24413, 16031, 50119, 65620, 36796, 62177, 65741, 50000, 42449, 55973, 64288, 63387, 67779, 24698, 65375, 34481, 22135, 29154, 67052, 53235, 3162, 62393, 0, 91400, 31112, 54708, 23000, 38327, 38327, 38327, 38327, 38327, 38327, 38327, 38327, 38327, 38327, 38327, 38327, 38327, 38327, 38327, 38327, 38327, 38327 | 98681, 12727, 35341, 69289, 43081, 85796, 66287, 58694, 89050, 47169, 20000, 51224, 104019, 37000, 20000, 57271, 30870, 80802, 99864, 37215, 53814, 98112, 109224, 122441, 77201, 41231, 101833, 95425, 78517, 84154, 46690, 54918, 31622, 29529, 87281, 54405, 42059, 56435, 80399, 48662, 81215, 48662, 85866, 112605, 92973, 36138, 68029, 90443, 96046, 91400, 0, 122286, 45705, 106831, 61032, 61032, 61032, 61032, 61032, 61032, 61032, 61032, 61032, 61032, 61032, 61032, 61032, 61032, 61032, 61032, 61032, 61032 | 44045, 109635, 91787, 72006, 82134, 48383, 82873, 64350, 74242, 75690, 107489, 71063, 31400, 93021, 107489, 97169, 95524, 41725, 38327, 99403, 68600, 46690, 13416, 1414, 51244, 92703, 36496, 36055, 44418, 66030, 92357, 67896, 92357, 95718, 70455, 71119, 85000, 92612, 86313, 97128, 46840, 91706, 56293, 15033, 47518, 95707, 79711, 32649, 80006, 31112, 122286, 0, 85211, 22022, 65795, 65795, 65795, 65795, 65795, 65795, 65795, 65795, 65795, 65795, 65795, 65795, 65795, 65795, 65795, 65795, 65795, 65795 | 54120, 36013, 38418, 60745, 9433, 41880, 65368, 34234, 44283, 17720, 26248, 24515, 76400, 42638, 26248, 22825, 37735, 44721, 74966, 50219, 28442, 77103, 73573, 85000, 54009, 47423, 76295, 68447, 47539, 72780, 53037, 22022, 32449, 35846, 42011, 38275, 38288, 18601, 38483, 16278, 56222, 54488, 40496, 72917, 48301, 45000, 23769, 52697, 52172, 54708, 45705, 85211, 0, 75392, 43174, 43174, 43174, 43174, 43174, 43174, 43174, 43174, 43174, 43174, 43174, 43174, 43174, 43174, 43174, 43174, 43174, 43174 | 49244, 94111, 74027, 50695, 70235, 47518, 61392, 48166, 76687, 62433, 94302, 56612, 9848, 74632, 94302, 91591, 78102, 31048, 16492, 80262, 53413, 25000, 12206, 23086, 31384, 73573, 14866, 14317, 28844, 44011, 72449, 55072, 75690, 78644, 72367, 53263, 67007, 86683, 86284, 89560, 26925, 71589, 56885, 26400, 50289, 77103, 76164, 26019, 84202, 23000, 106831, 22022, 75392, 0, 47201, 47201, 47201, 47201, 47201, 47201, 47201, 47201, 47201, 47201, 47201, 47201, 47201, 47201, 47201, 47201, 47201, 47201 | 60440, 48548, 26907, 18601, 34365, 48846, 26627, 10000, 71589, 25495, 52201, 18681, 43185, 27459, 52201, 65459, 31112, 30066, 38832, 33615, 14866, 37696, 52392, 66309, 16278, 26925, 40804, 34655, 22360, 29614, 27294, 22825, 29410, 31890, 67475, 6708, 19849, 60745, 73409, 59439, 20518, 27073, 55569, 60207, 56648, 30016, 58249, 39051, 80808, 38327, 61032, 65795, 43174, 47201, 0, 0, 0, 0, 0, 0, 0, 0, 0, 0, 0, 0, 0, 0, 0, 0, 0, 0 | 60440, 48548, 26907, 18601, 34365, 48846, 26627, 10000, 71589, 25495, 52201, 18681, 43185, 27459, 52201, 65459, 31112, 30066, 38832, 33615, 14866, 37696, 52392, 66309, 16278, 26925, 40804, 34655, 22360, 29614, 27294, 22825, 29410, 31890, 67475, 6708, 19849, 60745, 73409, 59439, 20518, 27073, 55569, 60207, 56648, 30016, 58249, 39051, 80808, 38327, 61032, 65795, 43174, 47201, 0, 0, 0, 0, 0, 0, 0, 0, 0, 0, 0, 0, 0, 0, 0, 0, 0, 0 | 60440, 48548, 26907, 18601, 34365, 48846, 26627, 10000, 71589, 25495, 52201, 18681, 43185, 27459, 52201, 65459, 31112, 30066, 38832, 33615, 14866, 37696, 52392, 66309, 16278, 26925, 40804, 34655, 22360, 29614, 27294, 22825, 29410, 31890, 67475, 6708, 19849, 60745, 73409, 59439, 20518, 27073, 55569, 60207, 56648, 30016, 58249, 39051, 80808, 38327, 61032, 65795, 43174, 47201, 0, 0, 0, 0, 0, 0, 0, 0, 0, 0, 0, 0, 0, 0, 0, 0, 0, 0 | 60440, 48548, 26907, 18601, 34365, 48846, 26627, 10000, 71589, 25495, 52201, 18681, 43185, 27459, 52201, 65459, 31112, 30066, 38832, 33615, 14866, 37696, 52392, 66309, 16278, 26925, 40804, 34655, 22360, 29614, 27294, 22825, 29410, 31890, 67475, 6708, 19849, 60745, 73409, 59439, 20518, 27073, 55569, 60207, 56648, 30016, 58249, 39051, 80808, 38327, 61032, 65795, 43174, 47201, 0, 0, 0, 0, 0, 0, 0, 0, 0, 0, 0, 0, 0, 0, 0, 0, 0, 0 | 60440, 48548, 26907, 18601, 34365, 48846, 26627, 10000, 71589, 25495, 52201, 18681, 43185, 27459, 52201, 65459, 31112, 30066, 38832, 33615, 14866, 37696, 52392, 66309, 16278, 26925, 40804, 34655, 22360, 29614, 27294, 22825, 29410, 31890, 67475, 6708, 19849, 60745, 73409, 59439, 20518, 27073, 55569, 60207, 56648, 30016, 58249, 39051, 80808, 38327, 61032, 65795, 43174, 47201, 0, 0, 0, 0, 0, 0, 0, 0, 0, 0, 0, 0, 0, 0, 0, 0, 0, 0 | 60440, 48548, 26907, 18601, 34365, 48846, 26627, 10000, 71589, 25495, 52201, 18681, 43185, 27459, 52201, 65459, 31112, 30066, 38832, 33615, 14866, 37696, 52392, 66309, 16278, 26925, 40804, 34655, 22360, 29614, 27294, 22825, 29410, 31890, 67475, 6708, 19849, 60745, 73409, 59439, 20518, 27073, 55569, 60207, 56648, 30016, 58249, 39051, 80808, 38327, 61032, 65795, 43174, 47201, 0, 0, 0, 0, 0, 0, 0, 0, 0, 0, 0, 0, 0, 0, 0, 0, 0, 0 | 60440, 48548, 26907, 18601, 34365, 48846, 26627, 10000, 71589, 25495, 52201, 18681, 43185, 27459, 52201, 65459, 31112, 30066, 38832, 33615, 14866, 37696, 52392, 66309, 16278, 26925, 40804, 34655, 22360, 29614, 27294, 22825, 29410, 31890, 67475, 6708, 19849, 60745, 73409, 59439, 20518, 27073, 55569, 60207, 56648, 30016, 58249, 39051, 80808, 38327, 61032, 65795, 43174, 47201, 0, 0, 0, 0, 0, 0, 0, 0, 0, 0, 0, 0, 0, 0, 0, 0, 0, 0 | 60440, 48548, 26907, 18601, 34365, 48846, 26627, 10000, 71589, 25495, 52201, 18681, 43185, 27459, 52201, 65459, 31112, 30066, 38832, 33615, 14866, 37696, 52392, 66309, 16278, 26925, 40804, 34655, 22360, 29614, 27294, 22825, 29410, 31890, 67475, 6708, 19849, 60745, 73409, 59439, 20518, 27073, 55569, 60207, 56648, 30016, 58249, 39051, 80808, 38327, 61032, 65795, 43174, 47201, 0, 0, 0, 0, 0, 0, 0, 0, 0, 0, 0, 0, 0, 0, 0, 0, 0, 0 | 60440, 48548, 26907, 18601, 34365, 48846, 26627, 10000, 71589, 25495, 52201, 18681, 43185, 27459, 52201, 65459, 31112, 30066, 38832, 33615, 14866, 37696, 52392, 66309, 16278, 26925, 40804, 34655, 22360, 29614, 27294, 22825, 29410, 31890, 67475, 6708, 19849, 60745, 73409, 59439, 20518, 27073, 55569, 60207, 56648, 30016, 58249, 39051, 80808, 38327, 61032, 65795, 43174, 47201, 0, 0, 0, 0, 0, 0, 0, 0, 0, 0, 0, 0, 0, 0, 0, 0, 0, 0 | 60440, 48548, 26907, 18601, 34365, 48846, 26627, 10000, 71589, 25495, 52201, 18681, 43185, 27459, 52201, 65459, 31112, 30066, 38832, 33615, 14866, 37696, 52392, 66309, 16278, 26925, 40804, 34655, 22360, 29614, 27294, 22825, 29410, 31890, 67475, 6708, 19849, 60745, 73409, 59439, 20518, 27073, 55569, 60207, 56648, 30016, 58249, 39051, 80808, 38327, 61032, 65795, 43174, 47201, 0, 0, 0, 0, 0, 0, 0, 0, 0, 0, 0, 0, 0, 0, 0, 0, 0, 0 | 60440, 48548, 26907, 18601, 34365, 48846, 26627, 10000, 71589, 25495, 52201, 18681, 43185, 27459, 52201, 65459, 31112, 30066, 38832, 33615, 14866, 37696, 52392, 66309, 16278, 26925, 40804, 34655, 22360, 29614, 27294, 22825, 29410, 31890, 67475, 6708, 19849, 60745, 73409, 59439, 20518, 27073, 55569, 60207, 56648, 30016, 58249, 39051, 80808, 38327, 61032, 65795, 43174, 47201, 0, 0, 0, 0, 0, 0, 0, 0, 0, 0, 0, 0, 0, 0, 0, 0, 0, 0 | 60440, 48548, 26907, 18601, 34365, 48846, 26627, 10000, 71589, 25495, 52201, 18681, 43185, 27459, 52201, 65459, 31112, 30066, 38832, 33615, 14866, 37696, 52392, 66309, 16278, 26925, 40804, 34655, 22360, 29614, 27294, 22825, 29410, 31890, 67475, 6708, 19849, 60745, 73409, 59439, 20518, 27073, 55569, 60207, 56648, 30016, 58249, 39051, 80808, 38327, 61032, 65795, 43174, 47201, 0, 0, 0, 0, 0, 0, 0, 0, 0, 0, 0, 0, 0, 0, 0, 0, 0, 0 | 60440, 48548, 26907, 18601, 34365, 48846, 26627, 10000, 71589, 25495, 52201, 18681, 43185, 27459, 52201, 65459, 31112, 30066, 38832, 33615, 14866, 37696, 52392, 66309, 16278, 26925, 40804, 34655, 22360, 29614, 27294, 22825, 29410, 31890, 67475, 6708, 19849, 60745, 73409, 59439, 20518, 27073, 55569, 60207, 56648, 30016, 58249, 39051, 80808, 38327, 61032, 65795, 43174, 47201, 0, 0, 0, 0, 0, 0, 0, 0, 0, 0, 0, 0, 0, 0, 0, 0, 0, 0 | 60440, 48548, 26907, 18601, 34365, 48846, 26627, 10000, 71589, 25495, 52201, 18681, 43185, 27459, 52201, 65459, 31112, 30066, 38832, 33615, 14866, 37696, 52392, 66309, 16278, 26925, 40804, 34655, 22360, 29614, 27294, 22825, 29410, 31890, 67475, 6708, 19849, 60745, 73409, 59439, 20518, 27073, 55569, 60207, 56648, 30016, 58249, 39051, 80808, 38327, 61032, 65795, 43174, 47201, 0, 0, 0, 0, 0, 0, 0, 0, 0, 0, 0, 0, 0, 0, 0, 0, 0, 0 | 60440, 48548, 26907, 18601, 34365, 48846, 26627, 10000, 71589, 25495, 52201, 18681, 43185, 27459, 52201, 65459, 31112, 30066, 38832, 33615, 14866, 37696, 52392, 66309, 16278, 26925, 40804, 34655, 22360, 29614, 27294, 22825, 29410, 31890, 67475, 6708, 19849, 60745, 73409, 59439, 20518, 27073, 55569, 60207, 56648, 30016, 58249, 39051, 80808, 38327, 61032, 65795, 43174, 47201, 0, 0, 0, 0, 0, 0, 0, 0, 0, 0, 0, 0, 0, 0, 0, 0, 0, 0 | 60440, 48548, 26907, 18601, 34365, 48846, 26627, 10000, 71589, 25495, 52201, 18681, 43185, 27459, 52201, 65459, 31112, 30066, 38832, 33615, 14866, 37696, 52392, 66309, 16278, 26925, 40804, 34655, 22360, 29614, 27294, 22825, 29410, 31890, 67475, 6708, 19849, 60745, 73409, 59439, 20518, 27073, 55569, 60207, 56648, 30016, 58249, 39051, 80808, 38327, 61032, 65795, 43174, 47201, 0, 0, 0, 0, 0, 0, 0, 0, 0, 0, 0, 0, 0, 0, 0, 0, 0, 0 | 60440, 48548, 26907, 18601, 34365, 48846, 26627, 10000, 71589, 25495, 52201, 18681, 43185, 27459, 52201, 65459, 31112, 30066, 38832, 33615, 14866, 37696, 52392, 66309, 16278, 26925, 40804, 34655, 22360, 29614, 27294, 22825, 29410, 31890, 67475, 6708, 19849, 60745, 73409, 59439, 20518, 27073, 55569, 60207, 56648, 30016, 58249, 39051, 80808, 38327, 61032, 65795, 43174, 47201, 0, 0, 0, 0, 0, 0, 0, 0, 0, 0, 0, 0, 0, 0, 0, 0, 0, 0 | 60440, 48548, 26907, 18601, 34365, 48846, 26627, 10000, 71589, 25495, 52201, 18681, 43185, 27459, 52201, 65459, 31112, 30066, 38832, 33615, 14866, 37696, 52392, 66309, 16278, 26925, 40804, 34655, 22360, 29614, 27294, 22825, 29410, 31890, 67475, 6708, 19849, 60745, 73409, 59439, 20518, 27073, 55569, 60207, 56648, 30016, 58249, 39051, 80808, 38327, 61032, 65795, 43174, 47201, 0, 0, 0, 0, 0, 0, 0, 0, 0, 0, 0, 0, 0, 0, 0, 0, 0, 0 |];
lower_b = 161616;
upper_b = 5208567;
