n = 32;
m = 5;
q = 100;
d = [0, 19, 21, 6, 19, 7, 12, 16, 6, 16, 8, 14, 21, 16, 3, 22, 18, 19, 1, 24, 8, 12, 4, 8, 24, 24, 2, 20, 15, 2, 14, 9];
c = [| 0, 34928, 77878, 75584, 97580, 54571, 51884, 37054, 85603, 88141, 79227, 101414, 28844, 51039, 27018, 81743, 25709, 74545, 76843, 73824, 36235, 64031, 84172, 78032, 25238, 75960, 21095, 25961, 84864, 62289, 16278, 72780 | 34928, 0, 60307, 59203, 90873, 80709, 40496, 13000, 84403, 94132, 100463, 97144, 8246, 22472, 38078, 97293, 10630, 42296, 77929, 41109, 67208, 30066, 91021, 64350, 39357, 101872, 19416, 46324, 78549, 80324, 19416, 39051 | 77878, 60307, 0, 3162, 37054, 86585, 26248, 48083, 40706, 58821, 90210, 45276, 67178, 39446, 55108, 77466, 59665, 41109, 41109, 43046, 88000, 48836, 58258, 8944, 58051, 100722, 58309, 64381, 28792, 71589, 65192, 48000 | 75584, 59203, 3162, 0, 36013, 83432, 23769, 46754, 38483, 56302, 87132, 44045, 65855, 38910, 52392, 74518, 58051, 42426, 38418, 44283, 85005, 49365, 55605, 7071, 55317, 97575, 56302, 61522, 26925, 68447, 63245, 49091 | 97580, 90873, 37054, 36013, 0, 83546, 50537, 77878, 17029, 33837, 75663, 8544, 96176, 73246, 70767, 59228, 86954, 78160, 25709, 80099, 93621, 85287, 35902, 29068, 73000, 90088, 82419, 76026, 12806, 63387, 89403, 85023 | 54571, 80709, 86585, 83432, 83546, 0, 65741, 74330, 66708, 56824, 26925, 82565, 78294, 84386, 43863, 36878, 70178, 106831, 57870, 107200, 21377, 101911, 52773, 81049, 41868, 21540, 61294, 34409, 74242, 21023, 63063, 108706 | 51884, 40496, 26248, 23769, 50537, 65741, 0, 27513, 44407, 56718, 75690, 56648, 45650, 26476, 29154, 66887, 36619, 43278, 39051, 44204, 63505, 43081, 54341, 26400, 32140, 83006, 33301, 39012, 38078, 55172, 40360, 47169 | 37054, 13000, 48083, 46754, 77878, 74330, 27513, 0, 71589, 82000, 91706, 84154, 19104, 14000, 30479, 86977, 12649, 37656, 65375, 37107, 63812, 28653, 79056, 51613, 32526, 94810, 16492, 40360, 65551, 71112, 21023, 36769 | 85603, 84403, 40706, 38483, 17029, 66708, 44407, 71589, 0, 19209, 59033, 16643, 88543, 70007, 58600, 43011, 78771, 80081, 9433, 81743, 77826, 84593, 20124, 31764, 60440, 73171, 72917, 62241, 12727, 46389, 79605, 86122 | 88141, 94132, 58821, 56302, 33837, 56824, 56718, 82000, 19209, 0, 43011, 29154, 96876, 83186, 62297, 26019, 86833, 96384, 18384, 97862, 72249, 99201, 4242, 50000, 63324, 58420, 79624, 62649, 31890, 35846, 85615, 101843 | 79227, 100463, 90210, 87132, 75663, 26925, 75690, 91706, 59033, 43011, 0, 72027, 99624, 99045, 62393, 17117, 90476, 118928, 52497, 119753, 48270, 116828, 40049, 82764, 61351, 16155, 81596, 55542, 69921, 20808, 84899, 122286 | 101414, 97144, 45276, 44045, 8544, 82565, 56648, 84154, 16643, 29154, 72027, 0, 102044, 80411, 74411, 55145, 92574, 86371, 26076, 88277, 94413, 93085, 32000, 37013, 76419, 87091, 87464, 78644, 18681, 61846, 94339, 93134 | 28844, 8246, 67178, 65855, 96176, 78294, 45650, 19104, 88543, 96876, 99624, 102044, 0, 30413, 37656, 97867, 10049, 50487, 81492, 49254, 63126, 38000, 93536, 70604, 38327, 99729, 18248, 44384, 83630, 80049, 15264, 47000 | 51039, 22472, 39446, 38910, 73246, 84386, 26476, 14000, 70007, 83186, 99045, 80411, 30413, 0, 41048, 92135, 26305, 24041, 65375, 23769, 76026, 17804, 80808, 44944, 43566, 103966, 30265, 51623, 61814, 78236, 35014, 24413 | 27018, 38078, 55108, 52392, 70767, 43863, 29154, 30479, 58600, 62297, 62393, 74411, 37656, 41048, 0, 60299, 28160, 64412, 49929, 64498, 35735, 58258, 58523, 53488, 3000, 64404, 19416, 10770, 58137, 42449, 24020, 65459 | 81743, 97293, 77466, 74518, 59228, 36878, 66887, 86977, 43011, 26019, 17117, 55145, 97867, 92135, 60299, 0, 88119, 109859, 37589, 110941, 56435, 109590, 23345, 69404, 60074, 32984, 79630, 56142, 54626, 19646, 84148, 114057 | 25709, 10630, 59665, 58051, 86954, 70178, 36619, 12649, 78771, 86833, 90476, 92574, 10049, 26305, 28160, 88119, 0, 49091, 71568, 48259, 56639, 38327, 83486, 62289, 29154, 91416, 8944, 35846, 74303, 70604, 9486, 47074 | 74545, 42296, 41109, 42426, 78160, 106831, 43278, 37656, 80081, 96384, 118928, 86371, 50487, 24041, 64412, 109859, 49091, 0, 78000, 2236, 99809, 13892, 94847, 49497, 67082, 125495, 54129, 75133, 69231, 98310, 58309, 7615 | 76843, 77929, 41109, 38418, 25709, 57870, 39051, 65375, 9433, 18384, 52497, 26076, 81492, 65375, 49929, 37589, 71568, 78000, 0, 79479, 68425, 81024, 17204, 32526, 51613, 65764, 65192, 53037, 17464, 38013, 71693, 83486 | 73824, 41109, 43046, 44283, 80099, 107200, 44204, 37107, 81743, 97862, 119753, 88277, 49254, 23769, 64498, 110941, 48259, 2236, 79479, 0, 99744, 12083, 96254, 51351, 67119, 126063, 53600, 75179, 71021, 99085, 57558, 5385 | 36235, 67208, 88000, 85005, 93621, 21377, 63505, 63812, 77826, 72249, 48270, 94413, 63126, 76026, 35735, 56435, 56639, 99809, 68425, 99744, 0, 92439, 68014, 84380, 32893, 41194, 48414, 25000, 82540, 37802, 48104, 100239 | 64031, 30066, 48836, 49365, 85287, 101911, 43081, 28653, 84593, 99201, 116828, 93085, 38000, 17804, 58258, 109590, 38327, 13892, 81024, 12083, 92439, 0, 97123, 56222, 60605, 121696, 44777, 68600, 75006, 96020, 47801, 9000 | 84172, 91021, 58258, 55605, 35902, 52773, 54341, 79056, 20124, 4242, 40049, 32000, 93536, 80808, 58523, 23345, 83486, 94847, 17204, 96254, 68014, 97123, 0, 49578, 59464, 55145, 76118, 58591, 32449, 31764, 82000, 100089 | 78032, 64350, 8944, 7071, 29068, 81049, 26400, 51613, 31764, 50000, 82764, 37013, 70604, 44944, 53488, 69404, 62289, 49497, 32526, 51351, 84380, 56222, 49578, 0, 56302, 93984, 59665, 61846, 19924, 64845, 66708, 56142 | 25238, 39357, 58051, 55317, 73000, 41868, 32140, 32526, 60440, 63324, 61351, 76419, 38327, 43566, 3000, 60074, 29154, 67082, 51613, 67119, 32893, 60605, 59464, 56302, 0, 62681, 20248, 8062, 60440, 41773, 24083, 67955 | 75960, 101872, 100722, 97575, 90088, 21540, 83006, 94810, 73171, 58420, 16155, 87091, 99729, 103966, 64404, 32984, 91416, 125495, 65764, 126063, 41194, 121696, 55145, 93984, 62681, 0, 82492, 55569, 83186, 29154, 84528, 128003 | 21095, 19416, 58309, 56302, 82419, 61294, 33301, 16492, 72917, 79624, 81596, 87464, 18248, 30265, 19416, 79630, 8944, 54129, 65192, 53600, 48414, 44777, 76118, 59665, 20248, 82492, 0, 26925, 69634, 61846, 7071, 53141 | 25961, 46324, 64381, 61522, 76026, 34409, 39012, 40360, 62241, 62649, 55542, 78644, 44384, 51623, 10770, 56142, 35846, 75133, 53037, 75179, 25000, 68600, 58591, 61846, 8062, 55569, 26925, 0, 63812, 37013, 29410, 76006 | 84864, 78549, 28792, 26925, 12806, 74242, 38078, 65551, 12727, 31890, 69921, 18681, 83630, 61814, 58137, 54626, 74303, 69231, 17464, 71021, 82540, 75006, 32449, 19924, 60440, 83186, 69634, 63812, 0, 55081, 76609, 75663 | 62289, 80324, 71589, 68447, 63387, 21023, 55172, 71112, 46389, 35846, 20808, 61846, 80049, 78236, 42449, 19646, 70604, 98310, 38013, 99085, 37802, 96020, 31764, 64845, 41773, 29154, 61846, 37013, 55081, 0, 65764, 101533 | 16278, 19416, 65192, 63245, 89403, 63063, 40360, 21023, 79605, 85615, 84899, 94339, 15264, 35014, 24020, 84148, 9486, 58309, 71693, 57558, 48104, 47801, 82000, 66708, 24083, 84528, 7071, 29410, 76609, 65764, 0, 56515 | 72780, 39051, 48000, 49091, 85023, 108706, 47169, 36769, 86122, 101843, 122286, 93134, 47000, 24413, 65459, 114057, 47074, 7615, 83486, 5385, 100239, 9000, 100089, 56142, 67955, 128003, 53141, 76006, 75663, 101533, 56515, 0 |];
lower_b = 202828;
upper_b = 3217774;
