n = 33;
m = 6;
q = 100;
d = [0, 26, 17, 6, 15, 7, 5, 15, 16, 17, 1, 21, 66, 25, 16, 11, 7, 17, 17, 22, 10, 25, 16, 7, 21, 11, 21, 11, 21, 22, 25, 2, 22];
c = [| 0, 26400, 60802, 61073, 59169, 34655, 31016, 36674, 56612, 71847, 12727, 43011, 35468, 28017, 14035, 64637, 39661, 24698, 30083, 41484, 61911, 23345, 49335, 55154, 42449, 21470, 57723, 36359, 5830, 68352, 37536, 31064, 9433 | 26400, 0, 35355, 39000, 40447, 14000, 5000, 10295, 36138, 46097, 25000, 37643, 45354, 5099, 14142, 38948, 63655, 20024, 4000, 16000, 35805, 39446, 37107, 60207, 46097, 45343, 46097, 62649, 32202, 53150, 62625, 50358, 26870 | 60802, 35355, 0, 14866, 24207, 27313, 32015, 25612, 18867, 11180, 60207, 62585, 77826, 32802, 49497, 4123, 99005, 51971, 32649, 26570, 5656, 74202, 35735, 71589, 60207, 80659, 40311, 97082, 66610, 61846, 97836, 77369, 62225 | 61073, 39000, 14866, 0, 9848, 26627, 37363, 31575, 6082, 20880, 63529, 72111, 84118, 34885, 52354, 17204, 100603, 58240, 37643, 36013, 20518, 78262, 24000, 60133, 50358, 82200, 26570, 96208, 66603, 75272, 98595, 71589, 64660 | 59169, 40447, 24207, 9848, 0, 26683, 40012, 35128, 5830, 30675, 63568, 76164, 85702, 35693, 52497, 26925, 98792, 60406, 40049, 41231, 29832, 78434, 15524, 51000, 42201, 80622, 16763, 92849, 64350, 82346, 96260, 65513, 64078 | 34655, 14000, 27313, 26627, 26683, 0, 14866, 12727, 22847, 38483, 37161, 51195, 59033, 9055, 26000, 31384, 74027, 34014, 14560, 21260, 29832, 52000, 23769, 51971, 38483, 55605, 32572, 70434, 40311, 63253, 72180, 50635, 38078 | 31016, 5000, 32015, 37363, 40012, 14866, 0, 6403, 35227, 42426, 28284, 36496, 46818, 7810, 18027, 35383, 67357, 20880, 1000, 11000, 31890, 42201, 38626, 64031, 50000, 49203, 47434, 67082, 36769, 49497, 66610, 55326, 30610 | 36674, 10295, 25612, 31575, 35128, 12727, 6403, 0, 30000, 36069, 34655, 41048, 52924, 10000, 24207, 29000, 73661, 26925, 7071, 8602, 25612, 48600, 35846, 64350, 50606, 55443, 44283, 72945, 42485, 50606, 72801, 59008, 36878 | 56612, 36138, 18867, 6082, 5830, 22847, 35227, 30000, 0, 26476, 60008, 71028, 81492, 31622, 48846, 21931, 96260, 55901, 35355, 35693, 24413, 74846, 18027, 54230, 44283, 77935, 21470, 91219, 62008, 76557, 94021, 65741, 60827 | 71847, 46097, 11180, 20880, 30675, 38483, 42426, 36069, 26476, 0, 70710, 70228, 87132, 43829, 60207, 7211, 109713, 61611, 43139, 35510, 10816, 84386, 44407, 80622, 70000, 91438, 47434, 108166, 77665, 65192, 108706, 88323, 72917 | 12727, 25000, 60207, 63529, 63568, 37161, 28284, 34655, 60008, 70710, 0, 30528, 24331, 28653, 11180, 63655, 39204, 14000, 27586, 36891, 60141, 14866, 56320, 67082, 53851, 21470, 65192, 41231, 15231, 57008, 38948, 43600, 4123 | 43011, 37643, 62585, 72111, 76164, 51195, 36496, 41048, 71028, 70228, 30528, 0, 23409, 42720, 33421, 64560, 57558, 20000, 36674, 36345, 59774, 31064, 74726, 94403, 80448, 45398, 83677, 66272, 45650, 29017, 60074, 74060, 34481 | 35468, 45354, 77826, 84118, 85702, 59033, 46818, 52924, 81492, 87132, 24331, 23409, 0, 50009, 34014, 80622, 35000, 26000, 46486, 51623, 76321, 13453, 80024, 90620, 77794, 26925, 89005, 46173, 34985, 51788, 38327, 63411, 26248 | 28017, 5099, 32802, 34885, 35693, 9055, 7810, 10000, 31622, 43829, 28653, 42720, 50009, 0, 17492, 36619, 66528, 25000, 7071, 17720, 34000, 43382, 32015, 56222, 42201, 48104, 41000, 64350, 33837, 57280, 65115, 49010, 30000 | 14035, 14142, 49497, 52354, 52497, 26000, 18027, 24207, 48846, 60207, 11180, 33421, 34014, 17492, 0, 53075, 49517, 13453, 17204, 27856, 49819, 26000, 46010, 61032, 47169, 31240, 55000, 49244, 19416, 55901, 48600, 43081, 12727 | 64637, 38948, 4123, 17204, 26925, 31384, 35383, 29000, 21931, 7211, 63655, 64560, 80622, 36619, 53075, 0, 102591, 54918, 36069, 29068, 5000, 77466, 39293, 75312, 64124, 84291, 43382, 100955, 70455, 61983, 101533, 81492, 65795 | 39661, 63655, 99005, 100603, 98792, 74027, 67357, 73661, 96260, 109713, 39204, 57558, 35000, 66528, 49517, 102591, 0, 51000, 66603, 76026, 99247, 27856, 88141, 84005, 74813, 18439, 96005, 16643, 34481, 86469, 5830, 50159, 36796 | 24698, 20024, 51971, 58240, 60406, 34014, 20880, 26925, 55901, 61611, 14000, 20000, 26000, 25000, 13453, 54918, 51000, 0, 20615, 26248, 50803, 23600, 56568, 74404, 60464, 34481, 65620, 54918, 28635, 43657, 51623, 55470, 18027 | 30083, 4000, 32649, 37643, 40049, 14560, 1000, 7071, 35355, 43139, 27586, 36674, 46486, 7071, 17204, 36069, 66603, 20615, 0, 12000, 32649, 41617, 38275, 63253, 49203, 48414, 47127, 66189, 35846, 50209, 65802, 54332, 29832 | 41484, 16000, 26570, 36013, 41231, 21260, 11000, 8602, 35693, 35510, 36891, 36345, 51623, 17720, 27856, 29068, 76026, 26248, 12000, 0, 24698, 49517, 43829, 72945, 59169, 58309, 51971, 77077, 47127, 42438, 75802, 66272, 39824 | 61911, 35805, 5656, 20518, 29832, 29832, 31890, 25612, 24413, 10816, 60141, 59774, 76321, 34000, 49819, 5000, 99247, 50803, 32649, 24698, 0, 73661, 40853, 76400, 64629, 81055, 45793, 98270, 67742, 57070, 98407, 80411, 62481 | 23345, 39446, 74202, 78262, 78434, 52000, 42201, 48600, 74846, 84386, 14866, 31064, 13453, 43382, 26000, 77466, 27856, 23600, 41617, 49517, 73661, 0, 70859, 78108, 65734, 14560, 79630, 35227, 21931, 60008, 29427, 50000, 15033 | 49335, 37107, 35735, 24000, 15524, 23769, 38626, 35846, 18027, 44407, 56320, 74726, 80024, 32015, 46010, 39293, 88141, 56568, 38275, 43829, 40853, 70859, 0, 36221, 26683, 70576, 9055, 80448, 53851, 86267, 85000, 50803, 55901 | 55154, 60207, 71589, 60133, 51000, 51971, 64031, 64350, 54230, 80622, 67082, 94403, 90620, 56222, 61032, 75312, 84005, 74404, 63253, 72945, 76400, 78108, 36221, 0, 14142, 70859, 35355, 70710, 56320, 113357, 79101, 34365, 64474 | 42449, 46097, 60207, 50358, 42201, 38483, 50000, 50606, 44283, 70000, 53851, 80448, 77794, 42201, 47169, 64124, 74813, 60464, 49203, 59169, 64629, 65734, 26683, 14142, 0, 60008, 29154, 63245, 44407, 99247, 70405, 28301, 51546 | 21470, 45343, 80659, 82200, 80622, 55605, 49203, 55443, 77935, 91438, 21470, 45398, 26925, 48104, 31240, 84291, 18439, 34481, 48414, 58309, 81055, 14560, 70576, 70859, 60008, 0, 78746, 21000, 16763, 74168, 17492, 39395, 18601 | 57723, 46097, 40311, 26570, 16763, 32572, 47434, 44283, 21470, 47434, 65192, 83677, 89005, 41000, 55000, 43382, 96005, 65620, 47127, 51971, 45793, 79630, 9055, 35355, 29154, 78746, 0, 87464, 61983, 94339, 92612, 55865, 64629 | 36359, 62649, 97082, 96208, 92849, 70434, 67082, 72945, 91219, 108166, 41231, 66272, 46173, 64350, 49244, 100955, 16643, 54918, 66189, 77077, 98270, 35227, 80448, 70710, 63245, 21000, 87464, 0, 30528, 95131, 10816, 36345, 37643 | 5830, 32202, 66610, 66603, 64350, 40311, 36769, 42485, 62008, 77665, 15231, 45650, 34985, 33837, 19416, 70455, 34481, 28635, 35846, 47127, 67742, 21931, 53851, 56320, 44407, 16763, 61983, 30528, 0, 72124, 32015, 29000, 11180 | 68352, 53150, 61846, 75272, 82346, 63253, 49497, 50606, 76557, 65192, 57008, 29017, 51788, 57280, 55901, 61983, 86469, 43657, 50209, 42438, 57070, 60008, 86267, 113357, 99247, 74168, 94339, 95131, 72124, 0, 89089, 98898, 61131 | 37536, 62625, 97836, 98595, 96260, 72180, 66610, 72801, 94021, 108706, 38948, 60074, 38327, 65115, 48600, 101533, 5830, 51623, 65802, 75802, 98407, 29427, 85000, 79101, 70405, 17492, 92612, 10816, 32015, 89089, 0, 45011, 36055 | 31064, 50358, 77369, 71589, 65513, 50635, 55326, 59008, 65741, 88323, 43600, 74060, 63411, 49010, 43081, 81492, 50159, 55470, 54332, 66272, 80411, 50000, 50803, 34365, 28301, 39395, 55865, 36345, 29000, 98898, 45011, 0, 39824 | 9433, 26870, 62225, 64660, 64078, 38078, 30610, 36878, 60827, 72917, 4123, 34481, 26248, 30000, 12727, 65795, 36796, 18027, 29832, 39824, 62481, 15033, 55901, 64474, 51546, 18601, 64629, 37643, 11180, 61131, 36055, 39824, 0 |];
lower_b = 143694;
upper_b = 2920131;
