n = 33;
m = 5;
q = 100;
d = [0, 5, 23, 14, 13, 8, 18, 19, 10, 18, 20, 5, 9, 23, 9, 18, 10, 24, 13, 14, 8, 10, 19, 14, 13, 14, 2, 23, 15, 8, 20, 24, 3];
c = [| 0, 45453, 14560, 45453, 36400, 60827, 24000, 73355, 64350, 64815, 55326, 17804, 41109, 56222, 39051, 20000, 39051, 72013, 19235, 33120, 31400, 39698, 7810, 10770, 22360, 61073, 65000, 61131, 17088, 40012, 61000, 29529, 40311 | 45453, 0, 59076, 58000, 78236, 99729, 35355, 116606, 108577, 80156, 88865, 28301, 79649, 101138, 10049, 50537, 54230, 94085, 26907, 19000, 76367, 9055, 46097, 35355, 45891, 97693, 107335, 98086, 29832, 30413, 96566, 17492, 85445 | 14560, 59076, 0, 55009, 31256, 56142, 31304, 64195, 54230, 71589, 54781, 30805, 38600, 45177, 51739, 28635, 48754, 75802, 33615, 44598, 21587, 52497, 19104, 25298, 24331, 58051, 57070, 57870, 31622, 54083, 58694, 43863, 26400 | 45453, 58000, 55009, 0, 45398, 54644, 63513, 77826, 74330, 22561, 38948, 49244, 39849, 71589, 59841, 26419, 6403, 36221, 42047, 61032, 54147, 59682, 37802, 41400, 66528, 49678, 67535, 50447, 39824, 28442, 47423, 43931, 70576 | 36400, 78236, 31256, 45398, 0, 25000, 59841, 38418, 31400, 52497, 25612, 53310, 9219, 26570, 73824, 29068, 41231, 50803, 51623, 69079, 13453, 74303, 32649, 43829, 55000, 26925, 29154, 26683, 48548, 60464, 27856, 60802, 29154 | 60827, 99729, 56142, 54644, 25000, 0, 84593, 24515, 25709, 50803, 16763, 76922, 20248, 29681, 96566, 49193, 53150, 41303, 74094, 92720, 36138, 96932, 56044, 67052, 80000, 7071, 15000, 6082, 70936, 77336, 10049, 82292, 47169 | 24000, 35355, 31304, 63513, 59841, 84593, 0, 95273, 85492, 85000, 79227, 14866, 65069, 76478, 25709, 41761, 57454, 94244, 22671, 16763, 52554, 26683, 30413, 22360, 10770, 85052, 87641, 85094, 24083, 47169, 85000, 27856, 56222 | 73355, 116606, 64195, 77826, 38418, 24515, 95273, 0, 11045, 75312, 41231, 90917, 39204, 21023, 111830, 67208, 75471, 65000, 89872, 106470, 42720, 112361, 70724, 81835, 88323, 31256, 10295, 30265, 86838, 97836, 34234, 99201, 45011 | 64350, 108577, 54230, 74330, 31400, 25709, 85492, 11045, 0, 75059, 41012, 82097, 34539, 10000, 103227, 60440, 71175, 66910, 81688, 97416, 33120, 103812, 62481, 73409, 78108, 32756, 11661, 31780, 78746, 91836, 35693, 91350, 34000 | 64815, 80156, 71589, 22561, 52497, 50803, 85000, 75312, 75059, 0, 34234, 71175, 44147, 75325, 82377, 44821, 27856, 16643, 64257, 83522, 64474, 82200, 57008, 62649, 86838, 44147, 65620, 45122, 61846, 50000, 41231, 66490, 81154 | 55326, 88865, 54781, 38948, 25612, 16763, 79227, 41231, 41012, 34234, 0, 69180, 16643, 42449, 87097, 39458, 38418, 26925, 64938, 84593, 39051, 87321, 49010, 59135, 76687, 10816, 31400, 11661, 61814, 63812, 8485, 71840, 53907 | 17804, 28301, 30805, 49244, 53310, 76922, 14866, 90917, 82097, 71175, 69180, 0, 56753, 74027, 21260, 30016, 43382, 81492, 7810, 15811, 49203, 21931, 20880, 10049, 21840, 76295, 82292, 76485, 9433, 32649, 75802, 15000, 57201 | 41109, 79649, 38600, 39849, 9219, 20248, 65069, 39204, 34539, 44147, 16643, 56753, 0, 32140, 76321, 29154, 36674, 41617, 53851, 72532, 22627, 76694, 35902, 46840, 61400, 20000, 29068, 20024, 50695, 58728, 20223, 62177, 38275 | 56222, 101138, 45177, 71589, 26570, 29681, 76478, 21023, 10000, 75325, 42449, 74027, 32140, 0, 95268, 54708, 67720, 69260, 74249, 89050, 24839, 95900, 55172, 65795, 68709, 36235, 18867, 35355, 71421, 86452, 38910, 84172, 24000 | 39051, 10049, 51739, 59841, 73824, 96566, 25709, 111830, 103227, 82377, 87097, 21260, 76321, 95268, 0, 47801, 55226, 95189, 22472, 9055, 70434, 1000, 41182, 30016, 36400, 95210, 102956, 95509, 25632, 34438, 94371, 16031, 78102 | 20000, 50537, 28635, 26419, 29068, 49193, 41761, 67208, 60440, 44821, 39458, 30016, 29154, 54708, 47801, 0, 20124, 52554, 25495, 45177, 32280, 48083, 12206, 20099, 42190, 47434, 57489, 47759, 22360, 31764, 46572, 33105, 47169 | 39051, 54230, 48754, 6403, 41231, 53150, 57454, 75471, 71175, 27856, 38418, 43382, 36674, 67720, 55226, 20124, 0, 40012, 36400, 55785, 49000, 55145, 31400, 35227, 60207, 48836, 65192, 49517, 34014, 26000, 46861, 39204, 65192 | 72013, 94085, 75802, 36221, 50803, 41303, 94244, 65000, 66910, 16643, 26925, 81492, 41617, 69260, 95189, 52554, 40012, 0, 75312, 95189, 64031, 95131, 64474, 72124, 94371, 34234, 56222, 35227, 72567, 64629, 31256, 79158, 79881 | 19235, 26907, 33615, 42047, 51623, 74094, 22671, 89872, 81688, 64257, 64938, 7810, 53851, 74249, 22472, 25495, 36400, 75312, 0, 20024, 49517, 22847, 19209, 8602, 29154, 72801, 80777, 73082, 3162, 25079, 72034, 10295, 59539 | 33120, 19000, 44598, 61032, 69079, 92720, 16763, 106470, 97416, 83522, 84593, 15811, 72532, 89050, 9055, 45177, 55785, 95189, 20024, 0, 64350, 10049, 36687, 25709, 27513, 91983, 97989, 92195, 23000, 38418, 91411, 18027, 70724 | 31400, 76367, 21587, 54147, 13453, 36138, 52554, 42720, 33120, 64474, 39051, 49203, 22627, 24839, 70434, 32280, 49000, 64031, 49517, 64350, 0, 71063, 30610, 41012, 45891, 39395, 35510, 39000, 46754, 63694, 40706, 59548, 16763 | 39698, 9055, 52497, 59682, 74303, 96932, 26683, 112361, 103812, 82200, 87321, 21931, 76694, 95900, 1000, 48083, 55145, 95131, 22847, 10049, 71063, 0, 41677, 30528, 37363, 95509, 103445, 95817, 26000, 34014, 94641, 16000, 78873 | 7810, 46097, 19104, 37802, 32649, 56044, 30413, 70724, 62481, 57008, 49010, 20880, 35902, 55172, 41182, 12206, 31400, 64474, 19209, 36687, 30610, 41677, 0, 11180, 30016, 55578, 61773, 55731, 16278, 35355, 55226, 29000, 42379 | 10770, 35355, 25298, 41400, 43829, 67052, 22360, 81835, 73409, 62649, 59135, 10049, 46840, 65795, 30016, 20099, 35227, 72124, 8602, 25709, 41012, 30528, 11180, 0, 25612, 66287, 72945, 66490, 6324, 30413, 65764, 18867, 51000 | 22360, 45891, 24331, 66528, 55000, 80000, 10770, 88323, 78108, 86838, 76687, 21840, 61400, 68709, 36400, 42190, 60207, 94371, 29154, 27513, 45891, 37363, 30016, 25612, 0, 81301, 81394, 81221, 29529, 54230, 81614, 36496, 47169 | 61073, 97693, 58051, 49678, 26925, 7071, 85052, 31256, 32756, 44147, 10816, 76295, 20000, 36235, 95210, 47434, 48836, 34234, 72801, 91983, 39395, 95509, 55578, 66287, 81301, 0, 22022, 1000, 69641, 73817, 3000, 80411, 52009 | 65000, 107335, 57070, 67535, 29154, 15000, 87641, 10295, 11661, 65620, 31400, 82292, 29068, 18867, 102956, 57489, 65192, 56222, 80777, 97989, 35510, 103445, 61773, 72945, 81394, 22022, 0, 21023, 77698, 87783, 25019, 89872, 41231 | 61131, 98086, 57870, 50447, 26683, 6082, 85094, 30265, 31780, 45122, 11661, 76485, 20024, 35355, 95509, 47759, 49517, 35227, 73082, 92195, 39000, 95817, 55731, 66490, 81221, 1000, 21023, 0, 69921, 74404, 4000, 80777, 51400 | 17088, 29832, 31622, 39824, 48548, 70936, 24083, 86838, 78746, 61846, 61814, 9433, 50695, 71421, 25632, 22360, 34014, 72567, 3162, 23000, 46754, 26000, 16278, 6324, 29529, 69641, 77698, 69921, 0, 25000, 68883, 12806, 57245 | 40012, 30413, 54083, 28442, 60464, 77336, 47169, 97836, 91836, 50000, 63812, 32649, 58728, 86452, 34438, 31764, 26000, 64629, 25079, 38418, 63694, 34014, 35355, 30413, 54230, 73817, 87783, 74404, 25000, 0, 72111, 20518, 77369 | 61000, 96566, 58694, 47423, 27856, 10049, 85000, 34234, 35693, 41231, 8485, 75802, 20223, 38910, 94371, 46572, 46861, 31256, 72034, 91411, 40706, 94641, 55226, 65764, 81614, 3000, 25019, 4000, 68883, 72111, 0, 79378, 53907 | 29529, 17492, 43863, 43931, 60802, 82292, 27856, 99201, 91350, 66490, 71840, 15000, 62177, 84172, 16031, 33105, 39204, 79158, 10295, 18027, 59548, 16000, 29000, 18867, 36496, 80411, 89872, 80777, 12806, 20518, 79378, 0, 69835 | 40311, 85445, 26400, 70576, 29154, 47169, 56222, 45011, 34000, 81154, 53907, 57201, 38275, 24000, 78102, 47169, 65192, 79881, 59539, 70724, 16763, 78873, 42379, 51000, 47169, 52009, 41231, 51400, 57245, 77369, 53907, 69835, 0 |];
lower_b = 146710;
upper_b = 3040115;
