n = 34;
m = 5;
q = 100;
d = [0, 23, 3, 24, 15, 15, 24, 7, 25, 13, 5, 7, 5, 14, 13, 5, 24, 15, 9, 16, 13, 16, 13, 24, 20, 23, 20, 3, 15, 12, 19, 4, 15, 1];
c = [| 0, 52345, 38470, 76157, 33941, 31622, 40249, 36715, 48703, 57271, 31622, 62032, 68029, 36055, 31622, 42047, 47201, 69426, 27784, 69656, 12165, 42190, 54918, 60299, 44271, 65299, 17088, 52038, 66030, 38832, 42379, 69656, 74726, 36715 | 52345, 0, 75392, 104019, 81706, 35383, 20000, 23323, 11661, 88836, 39446, 17088, 97652, 40000, 22360, 18439, 86162, 40000, 68410, 38052, 64124, 60000, 91235, 8000, 22360, 45122, 62032, 4000, 50000, 14142, 23323, 48662, 73348, 84852 | 38470, 75392, 0, 37947, 58309, 68117, 56320, 52497, 66483, 18973, 36878, 76941, 29732, 38209, 53665, 58240, 10770, 71021, 10770, 72691, 32557, 23409, 16970, 82873, 76837, 62096, 51419, 76967, 59464, 61741, 75286, 65145, 53740, 21260 | 76157, 104019, 37947, 0, 94191, 104307, 84023, 80919, 93230, 18973, 65115, 100239, 8246, 64031, 84852, 85603, 32062, 85440, 48703, 87931, 70342, 44045, 24000, 110435, 110634, 74726, 89286, 106526, 69856, 92021, 109343, 75709, 50039, 52038 | 33941, 81706, 58309, 94191, 0, 50358, 73239, 70000, 80622, 76000, 65299, 94021, 86092, 69656, 63812, 74886, 62128, 103324, 49030, 103479, 28635, 71693, 70256, 89196, 66753, 99156, 19697, 80324, 99639, 69771, 64776, 103479, 105603, 42755 | 31622, 35383, 68117, 104307, 50358, 0, 37363, 36496, 39446, 86023, 44721, 51224, 96519, 48373, 28284, 37947, 77794, 69079, 58000, 68029, 42941, 63906, 85041, 41617, 16492, 69856, 32062, 32802, 72993, 28635, 14560, 74215, 90199, 68264 | 40249, 20000, 56320, 84023, 73239, 37363, 0, 4000, 10198, 68963, 19697, 22360, 77665, 20000, 10000, 2000, 67052, 32249, 50358, 31622, 50596, 40000, 71693, 26832, 32557, 32557, 54037, 22627, 36055, 10198, 32249, 36878, 56320, 68000 | 36715, 23323, 52497, 80919, 70000, 36496, 4000, 0, 14142, 65513, 16124, 26305, 74404, 16970, 8246, 6000, 63245, 34409, 46389, 34058, 46818, 36878, 68029, 30463, 33526, 33526, 50990, 25612, 36496, 11661, 32984, 37947, 55317, 64000 | 48703, 11661, 66483, 93230, 80622, 39446, 10198, 14142, 0, 78714, 29732, 13416, 87132, 29529, 17088, 8246, 77201, 30594, 60530, 29120, 59665, 49396, 81706, 17204, 30265, 34234, 61057, 15231, 38832, 11313, 30594, 38052, 61741, 78025 | 57271, 88836, 18973, 18973, 76000, 86023, 68963, 65513, 78714, 0, 49396, 87315, 10770, 49193, 68410, 70710, 14560, 76236, 29732, 78409, 51419, 29732, 8485, 95770, 93338, 66030, 70342, 90972, 62032, 76026, 91934, 68029, 48332, 34928 | 31622, 39446, 36878, 65115, 65299, 44721, 19697, 16124, 29732, 49396, 0, 40199, 58412, 4472, 20000, 21540, 47539, 39446, 32062, 40249, 38418, 21260, 52000, 46518, 46647, 33941, 48373, 41617, 34409, 26907, 45650, 38209, 46043, 50635 | 62032, 17088, 76941, 100239, 94021, 51224, 22360, 26305, 13416, 87315, 40199, 0, 94847, 38832, 30463, 20396, 87475, 24738, 72027, 22360, 72801, 57584, 91214, 16124, 39395, 32249, 74431, 20880, 37735, 24413, 40249, 34928, 62801, 90088 | 68029, 97652, 29732, 8246, 86092, 96519, 77665, 74404, 87132, 10770, 58412, 94847, 0, 57688, 77897, 79322, 24000, 81584, 40496, 83952, 62096, 37735, 16124, 104307, 103324, 71021, 81043, 100000, 66483, 85276, 101980, 72443, 49030, 44181 | 36055, 40000, 38209, 64031, 69656, 48373, 20000, 16970, 29529, 49193, 4472, 38832, 57688, 0, 22360, 21633, 48662, 35777, 34525, 36769, 42520, 20000, 52497, 46647, 49193, 29732, 52839, 42520, 30000, 28425, 48332, 33941, 42000, 53366 | 31622, 22360, 53665, 84852, 63812, 28284, 10000, 8246, 17088, 68410, 20000, 30463, 77897, 22360, 0, 11313, 64404, 42190, 46173, 41617, 42755, 41231, 69971, 30265, 26832, 41761, 44407, 23409, 44721, 8246, 26000, 46173, 62801, 62513 | 42047, 18439, 58240, 85603, 74886, 37947, 2000, 6000, 8246, 70710, 21540, 20396, 79322, 21633, 11313, 0, 68963, 31304, 52345, 30528, 52497, 41617, 73539, 25059, 32249, 32249, 55605, 21260, 36000, 10000, 32062, 36496, 56920, 70000 | 47201, 86162, 10770, 32062, 62128, 77794, 67052, 63245, 77201, 14560, 47539, 87475, 24000, 48662, 64404, 68963, 0, 80399, 19798, 82219, 39395, 32249, 8246, 93637, 87200, 71021, 58309, 87726, 67911, 72498, 85603, 73756, 58821, 20396 | 69426, 40000, 71021, 85440, 103324, 69079, 32249, 34409, 30594, 76236, 39446, 24738, 81584, 35777, 42190, 31304, 80399, 0, 69570, 2828, 77665, 48166, 82000, 40792, 60827, 10770, 84899, 44000, 16124, 40496, 61188, 11313, 41231, 88543 | 27784, 68410, 10770, 48703, 49030, 58000, 50358, 46389, 60530, 29732, 32062, 72027, 40496, 34525, 46173, 52345, 19798, 69570, 0, 70880, 22090, 25455, 27202, 76157, 67675, 61741, 40792, 69570, 60033, 54405, 66030, 65299, 58821, 18973 | 69656, 38052, 72691, 87931, 103479, 68029, 31622, 34058, 29120, 78409, 40249, 22360, 83952, 36769, 41617, 30528, 82219, 2828, 70880, 0, 78230, 50039, 84023, 38470, 59228, 13416, 84852, 42047, 18867, 39395, 59665, 14142, 44045, 89844 | 12165, 64124, 32557, 70342, 28635, 42941, 50596, 46818, 59665, 51419, 38418, 72801, 62096, 42520, 42755, 52497, 39395, 77665, 22090, 78230, 0, 43081, 47539, 72111, 56320, 72249, 18973, 64000, 72138, 50358, 54405, 76419, 76967, 25612 | 42190, 60000, 23409, 44045, 71693, 63906, 40000, 36878, 49396, 29732, 21260, 57584, 37735, 20000, 41231, 41617, 32249, 48166, 25455, 50039, 43081, 0, 34234, 66573, 67675, 38832, 58855, 62481, 36055, 48083, 66573, 41761, 34000, 43266 | 54918, 91235, 16970, 24000, 70256, 85041, 71693, 68029, 81706, 8485, 52000, 91214, 16124, 52497, 69971, 73539, 8246, 82000, 27202, 84023, 47539, 34234, 0, 98488, 93722, 72111, 66483, 93059, 68468, 77897, 92195, 74431, 56356, 28071 | 60299, 8000, 82873, 110435, 89196, 41617, 26832, 30463, 17204, 95770, 46518, 16124, 104307, 46647, 30265, 25059, 93637, 40792, 76157, 38470, 72111, 66573, 98488, 0, 26907, 47539, 69570, 8944, 52801, 22090, 28284, 50596, 77175, 92779 | 44271, 22360, 76837, 110634, 66753, 16492, 32557, 33526, 30265, 93338, 46647, 39395, 103324, 49193, 26832, 32249, 87200, 60827, 67675, 59228, 56320, 67675, 93722, 26907, 0, 64000, 48041, 18867, 68117, 22360, 2000, 68029, 88769, 80622 | 65299, 45122, 62096, 74726, 99156, 69856, 32557, 33526, 34234, 66030, 33941, 32249, 71021, 29732, 41761, 32249, 71021, 10770, 61741, 13416, 72249, 38832, 72111, 47539, 64000, 0, 81608, 49030, 5656, 42190, 64031, 4472, 31112, 80622 | 17088, 62032, 51419, 89286, 19697, 32062, 54037, 50990, 61057, 70342, 48373, 74431, 81043, 52839, 44407, 55605, 58309, 84899, 40792, 84852, 18973, 58855, 66483, 69570, 48041, 81608, 0, 60728, 82680, 50119, 46043, 86023, 91760, 42801 | 52038, 4000, 76967, 106526, 80324, 32802, 22627, 25612, 15231, 90972, 41617, 20880, 100000, 42520, 23409, 21260, 87726, 44000, 69570, 42047, 64000, 62481, 93059, 8944, 18867, 49030, 60728, 0, 53851, 15231, 20000, 52611, 76967, 85510 | 66030, 50000, 59464, 69856, 99639, 72993, 36055, 36496, 38832, 62032, 34409, 37735, 66483, 30000, 44721, 36000, 67911, 16124, 60033, 18867, 72138, 36055, 68468, 52801, 68117, 5656, 82680, 53851, 0, 46000, 68029, 6000, 25455, 78714 | 38832, 14142, 61741, 92021, 69771, 28635, 10198, 11661, 11313, 76026, 26907, 24413, 85276, 28425, 8246, 10000, 72498, 40496, 54405, 39395, 50358, 48083, 77897, 22090, 22360, 42190, 50119, 15231, 46000, 0, 22090, 46389, 66483, 70710 | 42379, 23323, 75286, 109343, 64776, 14560, 32249, 32984, 30594, 91934, 45650, 40249, 101980, 48332, 26000, 32062, 85603, 61188, 66030, 59665, 54405, 66573, 92195, 28284, 2000, 64031, 46043, 20000, 68029, 22090, 0, 68117, 88294, 78790 | 69656, 48662, 65145, 75709, 103479, 74215, 36878, 37947, 38052, 68029, 38209, 34928, 72443, 33941, 46173, 36496, 73756, 11313, 65299, 14142, 76419, 41761, 74431, 50596, 68029, 4472, 86023, 52611, 6000, 46389, 68117, 0, 30000, 84095 | 74726, 73348, 53740, 50039, 105603, 90199, 56320, 55317, 61741, 48332, 46043, 62801, 49030, 42000, 62801, 56920, 58821, 41231, 58821, 44045, 76967, 34000, 56356, 77175, 88769, 31112, 91760, 76967, 25455, 66483, 88294, 30000, 0, 74966 | 36715, 84852, 21260, 52038, 42755, 68264, 68000, 64000, 78025, 34928, 50635, 90088, 44181, 53366, 62513, 70000, 20396, 88543, 18973, 89844, 25612, 43266, 28071, 92779, 80622, 80622, 42801, 85510, 78714, 70710, 78790, 84095, 74966, 0 |];
lower_b = 152314;
upper_b = 3193874;
