n = 37;
m = 6;
q = 100;
d = [0, 1, 23, 23, 5, 7, 18, 12, 20, 19, 19, 16, 2, 26, 13, 19, 17, 14, 8, 10, 5, 19, 12, 9, 18, 4, 20, 8, 3, 18, 26, 21, 21, 8, 19, 66, 21];
c = [| 0.0, 57.21887800367987, 86.64871608973787, 61.66036003787198, 24.20743687382041, 74.52516353554684, 25.0, 16.1245154965971, 55.362442142665635, 70.83784299369935, 69.65629906907199, 78.81624198095213, 94.36630754670864, 41.88078318274385, 11.180339887498949, 67.77905281132217, 16.0312195418814, 36.235341863986875, 23.323807579381203, 43.46262762420146, 39.319206502675, 72.44998274671983, 90.60905032059435, 104.04326023342406, 10.0, 50.15974481593781, 58.25804665451803, 56.753854494650845, 91.92388155425118, 18.027756377319946, 66.64082832618455, 42.15447781671598, 69.3757882838098, 71.386273190299, 38.48376280978771, 52.08646657242167, 20.09975124224178 | 57.21887800367987, 0.0, 41.400483088968905, 5.656854249492381, 42.941821107167776, 18.867962264113206, 33.06055050963308, 58.872744118140105, 14.866068747318506, 29.732137494637012, 60.41522986797286, 69.87131027825369, 77.10382610480494, 52.49761899362675, 46.52956049652737, 75.15317691222374, 61.68468205316454, 33.301651610693426, 40.718546143004666, 27.80287754891569, 18.0, 37.8549864614954, 66.75327707311455, 70.77428911688199, 65.92419889539804, 76.38062581571324, 43.68065933568311, 92.9569792968769, 48.82622246293481, 67.7421582177598, 70.77428911688199, 27.65863337187866, 81.88406438373708, 23.021728866442675, 30.4138126514911, 78.5175139698144, 57.0087712549569 | 86.64871608973787, 41.400483088968905, 0.0, 42.5440947723653, 64.32728814430156, 43.93176527297759, 67.7421582177598, 80.89499366462674, 55.758407437802596, 15.811388300841896, 46.04345773288535, 50.91168824543142, 48.75448697299562, 59.413803110051795, 75.61084578286372, 66.88796603276258, 83.86298349093002, 51.19570294468082, 64.03124237432849, 43.41658669218482, 54.20332093147061, 17.46424919657298, 36.24913792078372, 32.14031735997639, 92.64987857520376, 81.04319835741924, 38.07886552931954, 99.72462083156798, 7.615773105863909, 101.55294185792945, 61.91122676865643, 44.64302857109943, 74.94664769020693, 18.439088914585774, 48.507731342539614, 82.56512580987206, 93.29523031752481 | 61.66036003787198, 5.656854249492381, 42.5440947723653, 0.0, 48.373546489791295, 13.416407864998739, 37.05401462729781, 64.07807737440318, 13.45362404707371, 32.55764119219941, 65.25335240430181, 74.52516353554684, 81.0, 58.137767414994535, 51.19570294468082, 80.49844718999243, 66.85057965343307, 38.948684188300895, 46.06517122512408, 33.421549934136806, 22.360679774997898, 41.19465984809196, 70.25667228100119, 73.05477397131553, 70.61161377563892, 82.03657720797473, 48.703182647543684, 98.59513172565875, 50.11985634456667, 71.25307010929424, 76.05918747922567, 33.301651610693426, 87.32124598286491, 24.698178070456937, 36.069377593742864, 84.17244204607586, 60.01666435249463 | 24.20743687382041, 42.941821107167776, 64.32728814430156, 48.373546489791295, 0.0, 61.773780845922005, 22.561028345356956, 17.029386365926403, 47.38143096192854, 48.662100242385755, 46.32493928760188, 55.94640292279746, 70.80254232723568, 20.396078054371138, 15.264337522473747, 48.373546489791295, 20.024984394500787, 13.152946437965905, 3.1622776601683795, 21.095023109728988, 28.284271247461902, 49.040799340956916, 66.48308055437865, 79.88116173416608, 28.460498941515414, 38.07886552931954, 34.058772731852805, 51.85556864985669, 68.96375859826666, 41.72529209005013, 46.09772228646444, 20.024984394500787, 52.009614495783374, 51.0098029794274, 16.0312195418814, 40.311288741492746, 38.91015291668744 | 74.52516353554684, 18.867962264113206, 43.93176527297759, 13.416407864998739, 61.773780845922005, 0.0, 49.64876634922564, 77.47257579298626, 21.37755832643195, 38.47076812334269, 74.84650960465692, 83.48652585896721, 87.82368700982668, 70.71067811865476, 64.28841264178172, 91.58602513484249, 80.23091673413684, 52.009614495783374, 59.481089431852205, 45.967379738244816, 35.4400902933387, 47.67598976424087, 76.23647421018367, 75.95393340703298, 83.67795408588812, 94.79451460923254, 59.0592922409336, 111.66467659918243, 51.419840528729765, 83.0, 86.95401083331349, 46.010868281309364, 98.73702446397704, 29.154759474226502, 49.040799340956916, 96.89685237405806, 71.17583859709698 | 25.0, 33.06055050963308, 67.7421582177598, 37.05401462729781, 22.561028345356956, 49.64876634922564, 0.0, 31.827660925679098, 30.463092423455635, 52.43090691567332, 64.19501538281614, 74.33034373659252, 87.23531395025755, 42.01190307520001, 15.811388300841896, 70.00714249274856, 33.97057550292606, 25.298221281347036, 19.4164878389476, 28.844410203711913, 15.132745950421556, 56.586217403180434, 80.45495634204272, 90.60905032059435, 34.539832078341085, 60.40695324215582, 48.75448697299562, 72.71863585079137, 74.06078584514209, 34.92849839314596, 67.1863081289633, 27.459060435491963, 74.24284477308234, 50.566787519082126, 25.495097567963924, 62.625873247404705, 25.553864678361276 | 16.1245154965971, 58.872744118140105, 80.89499366462674, 64.07807737440318, 17.029386365926403, 77.47257579298626, 31.827660925679098, 0.0, 61.032778078668514, 65.37583651472461, 56.639209034025185, 65.11528238439882, 81.34494452638098, 28.319604517012593, 16.64331697709324, 52.32590180780452, 3.0, 30.01666203960727, 18.439088914585774, 38.01315561749642, 42.5440947723653, 65.0, 79.05694150420949, 93.94147114027967, 14.142135623730951, 34.058772731852805, 47.853944456021594, 42.15447781671598, 85.14693182963201, 33.24154027718932, 51.62363799656123, 37.0, 53.45091205957107, 68.0294054067798, 33.0, 36.013886210738214, 36.0 | 55.362442142665635, 14.866068747318506, 55.758407437802596, 13.45362404707371, 47.38143096192854, 21.37755832643195, 30.463092423455635, 61.032778078668514, 0.0, 44.598206241955516, 73.43704787094863, 83.21658488546619, 91.44397191723465, 61.29437168288782, 46.06517122512408, 86.33075929238663, 63.51377803280167, 41.182520563948, 44.553338819890925, 37.94733192202055, 19.1049731745428, 52.630789467763066, 81.39410298049853, 85.61541917201598, 65.0, 84.0535543567314, 56.43580423808985, 99.15644204992432, 63.28506932918696, 62.12889826803627, 82.28000972289685, 37.33630940518894, 92.47702417357513, 37.589892258425, 38.91015291668744, 86.2670273047588, 50.00999900019995 | 70.83784299369935, 29.732137494637012, 15.811388300841896, 32.55764119219941, 48.662100242385755, 38.47076812334269, 52.43090691567332, 65.37583651472461, 44.598206241955516, 0.0, 38.600518131237564, 46.06517122512408, 49.36598018878993, 45.60701700396552, 59.80802621722272, 58.0, 68.3593446428504, 35.510561809129406, 48.27007354458868, 27.65863337187866, 39.59797974644666, 9.219544457292887, 38.0, 41.14608122288197, 76.90253571892151, 68.54195795277518, 26.076809620810597, 87.09190547921202, 21.633307652783937, 85.86617494683223, 53.03772242470448, 28.861739379323623, 65.85590330410783, 9.486832980505138, 32.7566787083184, 70.26378868236469, 77.93587107359485 | 69.65629906907199, 60.41522986797286, 46.04345773288535, 65.25335240430181, 46.32493928760188, 74.84650960465692, 64.19501538281614, 56.639209034025185, 73.43704787094863, 38.600518131237564, 0.0, 10.198039027185569, 24.758836806279895, 28.319604517012593, 61.587336360651285, 21.02379604162864, 58.89821729050889, 38.897300677553446, 48.373546489791295, 37.21558813185679, 59.21148537234985, 30.4138126514911, 24.041630560342615, 41.43669871020132, 70.76722405181653, 40.19950248448356, 17.029386365926403, 58.008620049092706, 45.18849411078001, 87.6184911990614, 16.15549442140351, 38.3275357934736, 29.068883707497267, 47.70744176750625, 39.05124837953327, 41.048751503547585, 85.0881895447306 | 78.81624198095213, 69.87131027825369, 50.91168824543142, 74.52516353554684, 55.94640292279746, 83.48652585896721, 74.33034373659252, 65.11528238439882, 83.21658488546619, 46.06517122512408, 10.198039027185569, 0.0, 17.0, 37.013511046643494, 71.19691004531025, 21.02379604162864, 67.17886572427373, 49.040799340956916, 58.137767414994535, 47.38143096192854, 69.35416353759881, 37.21558813185679, 21.213203435596427, 39.20459156782532, 79.2464510246358, 44.27188724235731, 27.018512172212592, 60.67124524847005, 48.60041152089147, 96.83491106000976, 17.46424919657298, 48.507731342539614, 28.160255680657446, 55.46169849544819, 49.24428900898052, 44.64302857109943, 94.82615672903758 | 94.36630754670864, 77.10382610480494, 48.75448697299562, 81.0, 70.80254232723568, 87.82368700982668, 87.23531395025755, 81.34494452638098, 91.44397191723465, 49.36598018878993, 24.758836806279895, 17.0, 0.0, 53.03772242470448, 86.02325267042627, 37.107950630558946, 83.54639429682169, 62.177166226839255, 72.67048919609665, 58.872744118140105, 80.0812087820857, 40.19950248448356, 12.529964086141668, 26.832815729997478, 95.4829827770373, 61.09828148156051, 38.48376280978771, 76.90253571892151, 44.10215414239989, 112.29425630903836, 34.17601498127012, 60.166435825965294, 43.289721643826724, 58.69412236331676, 61.741396161732524, 61.35144660071187, 109.29318368498559 | 41.88078318274385, 52.49761899362675, 59.413803110051795, 58.137767414994535, 20.396078054371138, 70.71067811865476, 42.01190307520001, 28.319604517012593, 61.29437168288782, 45.60701700396552, 28.319604517012593, 37.013511046643494, 53.03772242470448, 0.0, 35.11409973215888, 28.071337695236398, 30.610455730027933, 20.12461179749811, 23.194827009486403, 24.758836806279895, 43.08131845707603, 42.1070065428546, 51.10772935672255, 66.85057965343307, 42.44997055358225, 24.20743687382041, 22.090722034374522, 42.05948168962618, 62.0, 59.90826320300064, 25.709920264364882, 24.839484696748443, 32.38826948140329, 51.478150704935004, 22.47220505424423, 26.248809496813376, 58.872744118140105 | 11.180339887498949, 46.52956049652737, 75.61084578286372, 51.19570294468082, 15.264337522473747, 64.28841264178172, 15.811388300841896, 16.64331697709324, 46.06517122512408, 59.80802621722272, 61.587336360651285, 71.19691004531025, 86.02325267042627, 35.11409973215888, 0.0, 62.5859409132754, 18.439088914585774, 25.80697580112788, 13.45362404707371, 32.64965543462902, 28.861739379323623, 61.773780845922005, 81.34494452638098, 94.02127418834527, 19.4164878389476, 48.507731342539614, 48.79549159502341, 58.60034129593445, 81.02468759581859, 27.018512172212592, 60.728905802755904, 31.304951684997057, 65.37583651472461, 60.207972893961475, 27.784887978899608, 50.635955604688654, 23.769728648009426 | 67.77905281132217, 75.15317691222374, 66.88796603276258, 80.49844718999243, 48.373546489791295, 91.58602513484249, 70.00714249274856, 52.32590180780452, 86.33075929238663, 58.0, 21.02379604162864, 21.02379604162864, 37.107950630558946, 28.071337695236398, 62.5859409132754, 0.0, 53.71219600798314, 46.52956049652737, 51.24451190127583, 48.38388161361178, 69.42621983083913, 50.60632371551998, 42.04759208325728, 60.07495318350236, 65.86349520030045, 24.698178070456937, 32.802438933713454, 39.81205847478876, 66.2117814289874, 85.492689745966, 5.0, 49.040799340956916, 8.06225774829855, 66.52818951391959, 48.05205510693585, 24.596747752497688, 86.1278120005379 | 16.0312195418814, 61.68468205316454, 83.86298349093002, 66.85057965343307, 20.024984394500787, 80.23091673413684, 33.97057550292606, 3.0, 63.51377803280167, 68.3593446428504, 58.89821729050889, 67.17886572427373, 83.54639429682169, 30.610455730027933, 18.439088914585774, 53.71219600798314, 0.0, 33.015148038438355, 21.37755832643195, 41.012193308819754, 45.17742799230607, 67.91170738539859, 81.54140052758476, 96.60227740586657, 12.206555615733702, 34.36568055487916, 50.566787519082126, 41.10960958218893, 88.07383266328314, 32.28002478313795, 53.25410782277739, 40.0, 54.42425929675111, 71.02816342831905, 36.0, 36.22154055254967, 36.124783736376884 | 36.235341863986875, 33.301651610693426, 51.19570294468082, 38.948684188300895, 13.152946437965905, 52.009614495783374, 25.298221281347036, 30.01666203960727, 41.182520563948, 35.510561809129406, 38.897300677553446, 49.040799340956916, 62.177166226839255, 20.12461179749811, 25.80697580112788, 46.52956049652737, 33.015148038438355, 0.0, 13.0, 8.0, 23.08679276123039, 36.24913792078372, 56.22277118748239, 68.24954212300622, 41.48493702538308, 43.278170016764804, 23.853720883753127, 59.665735560705194, 55.97320787662612, 52.80151512977634, 43.104524124504614, 7.0710678118654755, 51.92301994298868, 38.118237105091836, 3.1622776601683795, 45.45327270945405, 47.634021455258214 | 23.323807579381203, 40.718546143004666, 64.03124237432849, 46.06517122512408, 3.1622776601683795, 59.481089431852205, 19.4164878389476, 18.439088914585774, 44.553338819890925, 48.27007354458868, 48.373546489791295, 58.137767414994535, 72.67048919609665, 23.194827009486403, 13.45362404707371, 51.24451190127583, 21.37755832643195, 13.0, 0.0, 20.615528128088304, 25.495097567963924, 49.24428900898052, 67.89698078707183, 80.80222769206304, 28.635642126552707, 41.23105625617661, 35.35533905932738, 54.817880294662984, 68.9492567037528, 40.36087214122113, 48.83646178829912, 19.4164878389476, 55.036351623268054, 50.039984012787215, 15.524174696260024, 43.46262762420146, 36.71511950137164 | 43.46262762420146, 27.80287754891569, 43.41658669218482, 33.421549934136806, 21.095023109728988, 45.967379738244816, 28.844410203711913, 38.01315561749642, 37.94733192202055, 27.65863337187866, 37.21558813185679, 47.38143096192854, 58.872744118140105, 24.758836806279895, 32.64965543462902, 48.38388161361178, 41.012193308819754, 8.0, 20.615528128088304, 0.0, 22.02271554554524, 29.154759474226502, 51.62363799656123, 62.24146527838174, 49.24428900898052, 48.83646178829912, 20.615528128088304, 66.03029607687671, 48.46648326421054, 59.36328831862332, 44.384682042344295, 1.4142135623730951, 54.62600113499065, 30.14962686336267, 5.0990195135927845, 50.93132631298737, 53.03772242470448 | 39.319206502675, 18.0, 54.20332093147061, 22.360679774997898, 28.284271247461902, 35.4400902933387, 15.132745950421556, 42.5440947723653, 19.1049731745428, 39.59797974644666, 59.21148537234985, 69.35416353759881, 80.0812087820857, 43.08131845707603, 28.861739379323623, 69.42621983083913, 45.17742799230607, 23.08679276123039, 25.495097567963924, 22.02271554554524, 0.0, 45.221676218380054, 71.69379331573968, 79.63039620647382, 48.27007354458868, 65.19202405202648, 42.42640687119285, 80.05623023850174, 60.959002616512684, 50.00999900019995, 65.76473218982953, 21.0, 75.0, 36.359317925395686, 21.37755832643195, 67.4166151627327, 39.92492955535426 | 72.44998274671983, 37.8549864614954, 17.46424919657298, 41.19465984809196, 49.040799340956916, 47.67598976424087, 56.586217403180434, 65.0, 52.630789467763066, 9.219544457292887, 30.4138126514911, 37.21558813185679, 40.19950248448356, 42.1070065428546, 61.773780845922005, 50.60632371551998, 67.91170738539859, 36.24913792078372, 49.24428900898052, 29.154759474226502, 45.221676218380054, 0.0, 29.068883707497267, 34.40930106817051, 77.4919350642375, 63.60031446463138, 20.615528128088304, 82.28000972289685, 20.223748416156685, 88.50988645343524, 45.60701700396552, 30.528675044947494, 58.60034129593445, 18.681541692269406, 34.0, 65.14598989960932, 81.68843247363729 | 90.60905032059435, 66.75327707311455, 36.24913792078372, 70.25667228100119, 66.48308055437865, 76.23647421018367, 80.45495634204272, 79.05694150420949, 81.39410298049853, 38.0, 24.041630560342615, 21.213203435596427, 12.529964086141668, 51.10772935672255, 81.34494452638098, 42.04759208325728, 81.54140052758476, 56.22277118748239, 67.89698078707183, 51.62363799656123, 71.69379331573968, 29.068883707497267, 0.0, 18.027756377319946, 93.00537618869137, 63.953107821277925, 32.55764119219941, 81.2219182240853, 31.622776601683793, 108.18964830333815, 38.01315561749642, 53.0, 49.36598018878993, 47.095647357266465, 55.21775076911409, 64.6297145282261, 103.85566907973777 | 104.04326023342406, 70.77428911688199, 32.14031735997639, 73.05477397131553, 79.88116173416608, 75.95393340703298, 90.60905032059435, 93.94147114027967, 85.61541917201598, 41.14608122288197, 41.43669871020132, 39.20459156782532, 26.832815729997478, 66.85057965343307, 94.02127418834527, 60.07495318350236, 96.60227740586657, 68.24954212300622, 80.80222769206304, 62.24146527838174, 79.63039620647382, 34.40930106817051, 18.027756377319946, 0.0, 107.54068997360952, 81.61494961096282, 46.14108798023731, 99.12618221237011, 25.0, 121.03718436910205, 56.0, 63.655321851358195, 67.36467917239716, 48.38388161361178, 66.60330322138685, 82.38931969618392, 115.27792503337315 | 10.0, 65.92419889539804, 92.64987857520376, 70.61161377563892, 28.460498941515414, 83.67795408588812, 34.539832078341085, 14.142135623730951, 65.0, 76.90253571892151, 70.76722405181653, 79.2464510246358, 95.4829827770373, 42.44997055358225, 19.4164878389476, 65.86349520030045, 12.206555615733702, 41.48493702538308, 28.635642126552707, 49.24428900898052, 48.27007354458868, 77.4919350642375, 93.00537618869137, 107.54068997360952, 0.0, 45.60701700396552, 61.40032573203501, 49.36598018878993, 97.41663102366043, 21.095023109728988, 65.45991139621256, 48.05205510693585, 66.30987860040162, 78.40918313565064, 44.14748010928823, 47.29693436154187, 27.85677655436824 | 50.15974481593781, 76.38062581571324, 81.04319835741924, 82.03657720797473, 38.07886552931954, 94.79451460923254, 60.40695324215582, 34.058772731852805, 84.0535543567314, 68.54195795277518, 40.19950248448356, 44.27188724235731, 61.09828148156051, 24.20743687382041, 48.507731342539614, 24.698178070456937, 34.36568055487916, 43.278170016764804, 41.23105625617661, 48.83646178829912, 65.19202405202648, 63.60031446463138, 63.953107821277925, 81.61494961096282, 45.60701700396552, 0.0, 43.01162633521314, 18.681541692269406, 82.37718130647589, 66.49060083951716, 26.92582403567252, 48.79549159502341, 22.02271554554524, 75.17978451685, 46.010868281309364, 2.23606797749979, 70.02856560004639 | 58.25804665451803, 43.68065933568311, 38.07886552931954, 48.703182647543684, 34.058772731852805, 59.0592922409336, 48.75448697299562, 47.853944456021594, 56.43580423808985, 26.076809620810597, 17.029386365926403, 27.018512172212592, 38.48376280978771, 22.090722034374522, 48.79549159502341, 32.802438933713454, 50.566787519082126, 23.853720883753127, 35.35533905932738, 20.615528128088304, 42.42640687119285, 20.615528128088304, 32.55764119219941, 46.14108798023731, 61.40032573203501, 43.01162633521314, 0.0, 61.68468205316454, 40.049968789001575, 75.69015788066504, 28.0178514522438, 21.840329667841555, 40.36087214122113, 33.97057550292606, 23.259406699226016, 44.598206241955516, 71.40028011149536 | 56.753854494650845, 92.9569792968769, 99.72462083156798, 98.59513172565875, 51.85556864985669, 111.66467659918243, 72.71863585079137, 42.15447781671598, 99.15644204992432, 87.09190547921202, 58.008620049092706, 60.67124524847005, 76.90253571892151, 42.05948168962618, 58.60034129593445, 39.81205847478876, 41.10960958218893, 59.665735560705194, 54.817880294662984, 66.03029607687671, 80.05623023850174, 82.28000972289685, 81.2219182240853, 99.12618221237011, 49.36598018878993, 18.681541692269406, 61.68468205316454, 0.0, 101.0, 70.11419257183242, 43.289721643826724, 65.80273550544841, 34.17601498127012, 93.47192091746055, 62.625873247404705, 17.26267650163207, 76.68767828015137 | 91.92388155425118, 48.82622246293481, 7.615773105863909, 50.11985634456667, 68.96375859826666, 51.419840528729765, 74.06078584514209, 85.14693182963201, 63.28506932918696, 21.633307652783937, 45.18849411078001, 48.60041152089147, 44.10215414239989, 62.0, 81.02468759581859, 66.2117814289874, 88.07383266328314, 55.97320787662612, 68.9492567037528, 48.46648326421054, 60.959002616512684, 20.223748416156685, 31.622776601683793, 25.0, 97.41663102366043, 82.37718130647589, 40.049968789001575, 101.0, 0.0, 107.35455276791944, 61.326992425847855, 49.76946855251722, 74.24957912338628, 25.80697580112788, 53.48831648126533, 83.74365647617735, 99.56907150315303 | 18.027756377319946, 67.7421582177598, 101.55294185792945, 71.25307010929424, 41.72529209005013, 83.0, 34.92849839314596, 33.24154027718932, 62.12889826803627, 85.86617494683223, 87.6184911990614, 96.83491106000976, 112.29425630903836, 59.90826320300064, 27.018512172212592, 85.492689745966, 32.28002478313795, 52.80151512977634, 40.36087214122113, 59.36328831862332, 50.00999900019995, 88.50988645343524, 108.18964830333815, 121.03718436910205, 21.095023109728988, 66.49060083951716, 75.69015788066504, 70.11419257183242, 107.35455276791944, 0.0, 84.53401682163222, 57.982756057296896, 86.64871608973787, 85.09406559801923, 54.644304369257, 68.24954212300622, 13.0 | 66.64082832618455, 70.77428911688199, 61.91122676865643, 76.05918747922567, 46.09772228646444, 86.95401083331349, 67.1863081289633, 51.62363799656123, 82.28000972289685, 53.03772242470448, 16.15549442140351, 17.46424919657298, 34.17601498127012, 25.709920264364882, 60.728905802755904, 5.0, 53.25410782277739, 43.104524124504614, 48.83646178829912, 44.384682042344295, 65.76473218982953, 45.60701700396552, 38.01315561749642, 56.0, 65.45991139621256, 26.92582403567252, 28.0178514522438, 43.289721643826724, 61.326992425847855, 84.53401682163222, 0.0, 45.12205669071391, 13.038404810405298, 61.61980201201558, 44.40720662234904, 27.202941017470888, 84.43340571124678 | 42.15447781671598, 27.65863337187866, 44.64302857109943, 33.301651610693426, 20.024984394500787, 46.010868281309364, 27.459060435491963, 37.0, 37.33630940518894, 28.861739379323623, 38.3275357934736, 48.507731342539614, 60.166435825965294, 24.839484696748443, 31.304951684997057, 49.040799340956916, 40.0, 7.0710678118654755, 19.4164878389476, 1.4142135623730951, 21.0, 30.528675044947494, 53.0, 63.655321851358195, 48.05205510693585, 48.79549159502341, 21.840329667841555, 65.80273550544841, 49.76946855251722, 57.982756057296896, 45.12205669071391, 0.0, 55.154328932550705, 31.064449134018133, 4.0, 50.91168824543142, 51.62363799656123 | 69.3757882838098, 81.88406438373708, 74.94664769020693, 87.32124598286491, 52.009614495783374, 98.73702446397704, 74.24284477308234, 53.45091205957107, 92.47702417357513, 65.85590330410783, 29.068883707497267, 28.160255680657446, 43.289721643826724, 32.38826948140329, 65.37583651472461, 8.06225774829855, 54.42425929675111, 51.92301994298868, 55.036351623268054, 54.62600113499065, 75.0, 58.60034129593445, 49.36598018878993, 67.36467917239716, 66.30987860040162, 22.02271554554524, 40.36087214122113, 34.17601498127012, 74.24957912338628, 86.64871608973787, 13.038404810405298, 55.154328932550705, 0.0, 74.24957912338628, 53.75872022286245, 21.213203435596427, 88.45903006477066 | 71.386273190299, 23.021728866442675, 18.439088914585774, 24.698178070456937, 51.0098029794274, 29.154759474226502, 50.566787519082126, 68.0294054067798, 37.589892258425, 9.486832980505138, 47.70744176750625, 55.46169849544819, 58.69412236331676, 51.478150704935004, 60.207972893961475, 66.52818951391959, 71.02816342831905, 38.118237105091836, 50.039984012787215, 30.14962686336267, 36.359317925395686, 18.681541692269406, 47.095647357266465, 48.38388161361178, 78.40918313565064, 75.17978451685, 33.97057550292606, 93.47192091746055, 25.80697580112788, 85.09406559801923, 61.61980201201558, 31.064449134018133, 74.24957912338628, 0.0, 35.05709628591621, 77.02596964660685, 76.02631123499285 | 38.48376280978771, 30.4138126514911, 48.507731342539614, 36.069377593742864, 16.0312195418814, 49.040799340956916, 25.495097567963924, 33.0, 38.91015291668744, 32.7566787083184, 39.05124837953327, 49.24428900898052, 61.741396161732524, 22.47220505424423, 27.784887978899608, 48.05205510693585, 36.0, 3.1622776601683795, 15.524174696260024, 5.0990195135927845, 21.37755832643195, 34.0, 55.21775076911409, 66.60330322138685, 44.14748010928823, 46.010868281309364, 23.259406699226016, 62.625873247404705, 53.48831648126533, 54.644304369257, 44.40720662234904, 4.0, 53.75872022286245, 35.05709628591621, 0.0, 48.16637831516918, 48.83646178829912 | 52.08646657242167, 78.5175139698144, 82.56512580987206, 84.17244204607586, 40.311288741492746, 96.89685237405806, 62.625873247404705, 36.013886210738214, 86.2670273047588, 70.26378868236469, 41.048751503547585, 44.64302857109943, 61.35144660071187, 26.248809496813376, 50.635955604688654, 24.596747752497688, 36.22154055254967, 45.45327270945405, 43.46262762420146, 50.93132631298737, 67.4166151627327, 65.14598989960932, 64.6297145282261, 82.38931969618392, 47.29693436154187, 2.23606797749979, 44.598206241955516, 17.26267650163207, 83.74365647617735, 68.24954212300622, 27.202941017470888, 50.91168824543142, 21.213203435596427, 77.02596964660685, 48.16637831516918, 0.0, 72.00694410957877 | 20.09975124224178, 57.0087712549569, 93.29523031752481, 60.01666435249463, 38.91015291668744, 71.17583859709698, 25.553864678361276, 36.0, 50.00999900019995, 77.93587107359485, 85.0881895447306, 94.82615672903758, 109.29318368498559, 58.872744118140105, 23.769728648009426, 86.1278120005379, 36.124783736376884, 47.634021455258214, 36.71511950137164, 53.03772242470448, 39.92492955535426, 81.68843247363729, 103.85566907973777, 115.27792503337315, 27.85677655436824, 70.02856560004639, 71.40028011149536, 76.68767828015137, 99.56907150315303, 13.0, 84.43340571124678, 51.62363799656123, 88.45903006477066, 76.02631123499285, 48.83646178829912, 72.00694410957877, 0.0 |];
