n = 39;
m = 6;
q = 100;
d = [0, 18, 16, 22, 24, 3, 19, 6, 6, 6, 12, 18, 16, 72, 7, 16, 23, 4, 22, 23, 7, 11, 11, 1, 22, 16, 15, 7, 5, 22, 9, 10, 11, 9, 3, 7, 15, 10, 2];
c = [| 0.0, 40.0, 60.03332407921454, 18.439088914585774, 77.79460135510689, 15.231546211727817, 30.066592756745816, 56.92099788303083, 57.723478758647246, 42.04759208325728, 67.20119046564577, 24.413111231467404, 42.04759208325728, 12.165525060596439, 56.32051136131489, 8.246211251235321, 87.13208364316786, 54.3323108288245, 52.839379254491625, 72.69112738154499, 28.844410203711913, 45.12205669071391, 61.773780845922005, 48.16637831516918, 8.94427190999916, 80.52328855678958, 10.198039027185569, 60.8276253029822, 32.31098884280702, 26.68332812825267, 18.439088914585774, 49.39635614091387, 45.254833995939045, 74.24284477308234, 64.89992295835181, 85.0881895447306, 42.7551166528639, 46.69047011971501, 38.8329756778952 | 40.0, 0.0, 71.02112361825881, 55.31726674375732, 75.7099729229908, 48.08326112068523, 10.198039027185569, 58.309518948453004, 61.741396161732524, 80.049984384758, 54.0, 24.413111231467404, 80.049984384758, 39.84971769034255, 77.79460135510689, 42.7551166528639, 74.24284477308234, 15.231546211727817, 26.68332812825267, 78.0, 33.94112549695428, 10.770329614269007, 33.1058907144937, 8.94427190999916, 48.16637831516918, 98.40731680114035, 39.293765408777, 42.190046219457976, 71.02112361825881, 66.27216610312357, 40.24922359499622, 78.23042886243178, 32.984845004941285, 81.43709228600933, 38.62641583165593, 107.5174404457249, 8.246211251235321, 79.62411694957753, 75.28612089887484 | 60.03332407921454, 71.02112361825881, 0.0, 50.59644256269407, 26.076809620810597, 74.43117626371358, 68.0294054067798, 17.08800749063506, 12.649110640673518, 87.65842800324451, 38.47076812334269, 76.15773105863909, 58.0, 48.0, 18.973665961010276, 52.15361924162119, 46.17358552246078, 84.02380615040002, 55.60575509783138, 14.422205101855956, 38.62641583165593, 65.29931086925804, 60.03332407921454, 72.47068372797375, 56.88585061331157, 28.42534080710379, 70.0, 45.69463863518345, 78.79086241436883, 71.69379331573968, 42.04759208325728, 33.28663395418648, 41.036569057366385, 14.560219778561036, 57.271284253105414, 40.24922359499622, 78.89233169326408, 42.80186911806539, 50.99019513592785 | 18.439088914585774, 55.31726674375732, 50.59644256269407, 0.0, 72.71863585079137, 27.202941017470888, 46.17358552246078, 52.80151512977634, 52.15361924162119, 38.41874542459709, 68.41052550594829, 42.80186911806539, 24.73863375370596, 16.0, 42.04759208325728, 12.649110640673518, 86.27861844049197, 70.3420215802759, 61.61168720299745, 64.62197768561404, 32.31098884280702, 58.034472514187634, 70.3420215802759, 62.51399843235114, 10.0, 66.27216610312357, 27.202941017470888, 65.29931086925804, 28.844410203711913, 21.633307652783937, 18.973665961010276, 32.31098884280702, 50.15974481593781, 65.14598989960932, 72.11102550927978, 68.96375859826666, 59.464274989274024, 28.42534080710379, 20.591260281974 | 77.79460135510689, 75.7099729229908, 26.076809620810597, 72.71863585079137, 0.0, 92.97311439335567, 76.23647421018367, 20.8806130178211, 20.591260281974, 110.9414259868693, 25.612496949731394, 88.09086218218096, 83.54639429682169, 65.7875368135941, 44.721359549995796, 70.9365914038728, 22.0, 85.44003745317531, 52.80151512977634, 14.142135623730951, 50.635955604688654, 67.05221845696084, 53.25410782277739, 74.0, 76.96752561957543, 44.181444068749045, 86.83317338436964, 37.73592452822641, 101.54801819828883, 94.33981132056604, 59.464274989274024, 59.36328831862332, 42.7551166528639, 18.0, 48.41487374764082, 58.137767414994535, 83.95236744726142, 68.81860213634101, 76.4198926981712 | 15.231546211727817, 48.08326112068523, 74.43117626371358, 27.202941017470888, 92.97311439335567, 0.0, 37.94733192202055, 72.11102550927978, 72.80109889280519, 32.2490309931942, 82.09750300709517, 26.0, 45.254833995939045, 27.202941017470888, 68.73136110975832, 22.360679774997898, 102.2154587134451, 60.530983801686226, 65.60487786742691, 87.47571091451616, 43.9089968002003, 55.46169849544819, 74.4043009509531, 56.92099788303083, 18.110770276274835, 93.05912099305473, 8.94427190999916, 75.07329751649384, 24.08318915758459, 21.540659228538015, 33.52610922848042, 59.464274989274024, 59.665735560705194, 88.81441324469807, 78.10249675906654, 96.16652224137046, 48.373546489791295, 54.589376255824725, 44.40720662234904 | 30.066592756745816, 10.198039027185569, 68.0294054067798, 46.17358552246078, 76.23647421018367, 37.94733192202055, 0.0, 57.271284253105414, 60.166435825965294, 69.85699678629192, 56.88585061331157, 15.620499351813308, 70.8801805866774, 31.304951684997057, 72.47068372797375, 33.52610922848042, 77.6659513557904, 24.331050121192877, 32.2490309931942, 76.6550715869472, 29.5296461204668, 18.439088914585774, 40.0, 18.973665961010276, 38.47076812334269, 94.33981132056604, 29.120439557122072, 46.17358552246078, 60.8276253029822, 56.142675390472796, 32.802438933713454, 71.21797525905943, 34.058772731852805, 79.6994353806851, 44.94441010848846, 102.44998779892558, 13.416407864998739, 71.69379331573968, 66.48308055437865 | 56.92099788303083, 58.309518948453004, 17.08800749063506, 52.80151512977634, 20.8806130178211, 72.11102550927978, 57.271284253105414, 0.0, 4.47213595499958, 91.21403400793103, 22.0, 68.0294054067798, 66.57326790837296, 44.94441010848846, 34.0, 50.15974481593781, 34.40930106817051, 69.9714227381436, 39.59797974644666, 19.697715603592208, 30.066592756745816, 51.10772935672255, 43.266615305567875, 58.309518948453004, 56.356011214421486, 44.94441010848846, 65.96969000988257, 28.635642126552707, 81.60882305241266, 74.4043009509531, 38.62641583165593, 45.60701700396552, 26.076809620810597, 23.323807579381203, 40.24922359499622, 57.271284253105414, 66.48308055437865, 53.85164807134504, 59.36328831862332 | 57.723478758647246, 61.741396161732524, 12.649110640673518, 52.15361924162119, 20.591260281974, 72.80109889280519, 60.166435825965294, 4.47213595499958, 0.0, 90.44335243676011, 26.076809620810597, 70.25667228100119, 64.40496875241847, 45.60701700396552, 30.066592756745816, 50.59644256269407, 36.71511950137164, 73.78346698278686, 43.86342439892262, 16.492422502470642, 32.0624390837628, 54.91812087098393, 47.70744176750625, 62.12889826803627, 56.462376853972415, 40.496913462633174, 67.08203932499369, 33.1058907144937, 80.99382692526635, 73.78346698278686, 39.293765408777, 42.37924020083418, 30.0, 19.697715603592208, 44.721359549995796, 52.80151512977634, 69.85699678629192, 50.99019513592785, 57.201398584300364 | 42.04759208325728, 80.049984384758, 87.65842800324451, 38.41874542459709, 110.9414259868693, 32.2490309931942, 69.85699678629192, 91.21403400793103, 90.44335243676011, 0.0, 106.15083607772479, 58.137767414994535, 36.0, 50.0, 75.28612089887484, 44.40720662234904, 124.57929201917949, 92.77930803794561, 94.82615672903758, 102.0, 68.41052550594829, 86.64871608973787, 103.76897416858277, 88.76936408468859, 37.20215047547655, 97.67292357659824, 40.792156108742276, 101.6070863670443, 10.0, 16.97056274847714, 55.31726674375732, 61.18823416311342, 86.02325267042627, 101.9803902718557, 106.6770828247567, 96.08329719571451, 80.62257748298549, 52.3450093132096, 40.44749683231337 | 67.20119046564577, 54.0, 38.47076812334269, 68.41052550594829, 25.612496949731394, 82.09750300709517, 56.88585061331157, 22.0, 26.076809620810597, 106.15083607772479, 0.0, 70.8801805866774, 85.90692637965812, 56.639209034025185, 56.0, 62.289646009589745, 20.8806130178211, 61.61168720299745, 28.635642126552707, 34.9857113690718, 38.41874542459709, 44.181444068749045, 27.784887978899608, 50.635955604688654, 69.31089380465383, 64.62197768561404, 74.43117626371358, 12.649110640673518, 96.20810776644555, 89.19641248391103, 50.91168824543142, 67.08203932499369, 23.40939982143925, 39.44616584663204, 22.80350850198276, 77.79460135510689, 62.03224967708329, 74.72616676907762, 78.79086241436883 | 24.413111231467404, 24.413111231467404, 76.15773105863909, 42.80186911806539, 88.09086218218096, 26.0, 15.620499351813308, 68.0294054067798, 70.25667228100119, 58.137767414994535, 70.8801805866774, 0.0, 66.24198064671678, 31.622776601683793, 76.94153624668537, 31.11269837220809, 91.76055797563569, 34.92849839314596, 47.70744176750625, 86.57944328765345, 38.2099463490856, 33.94112549695428, 55.60575509783138, 33.28663395418648, 33.28663395418648, 100.31948963187563, 18.439088914585774, 60.92618484691127, 50.039984012787215, 46.69047011971501, 35.77708763999664, 72.47068372797375, 47.53945729601885, 89.10667763978185, 60.4648658313239, 106.6770828247567, 22.80350850198276, 70.76722405181653, 63.245553203367585 | 42.04759208325728, 80.049984384758, 58.0, 24.73863375370596, 83.54639429682169, 45.254833995939045, 70.8801805866774, 66.57326790837296, 64.40496875241847, 36.0, 85.90692637965812, 66.24198064671678, 0.0, 40.44749683231337, 42.190046219457976, 37.36308338453881, 100.9554357129917, 95.0789145920377, 84.38009243891595, 72.24956747275377, 54.3323108288245, 82.38931969618392, 92.77930803794561, 87.13208364316786, 33.1058907144937, 62.6418390534633, 48.82622246293481, 85.44003745317531, 31.04834939252005, 26.832815729997478, 42.0, 26.832815729997478, 71.386273190299, 71.21797525905943, 93.74433316206373, 60.13318551349163, 84.11896337925236, 17.08800749063506, 7.211102550927978 | 12.165525060596439, 39.84971769034255, 48.0, 16.0, 65.7875368135941, 27.202941017470888, 31.304951684997057, 44.94441010848846, 45.60701700396552, 50.0, 56.639209034025185, 31.622776601683793, 40.44749683231337, 0.0, 45.69463863518345, 5.656854249492381, 76.02631123499285, 55.02726596879042, 46.17358552246078, 60.530983801686226, 18.439088914585774, 42.04759208325728, 55.02726596879042, 46.69047011971501, 12.806248474865697, 69.57010852370435, 22.0, 51.61395160225576, 40.0, 33.28663395418648, 6.324555320336759, 41.036569057366385, 36.05551275463989, 62.12889826803627, 57.271284253105414, 75.17978451685, 44.721359549995796, 40.496913462633174, 35.4400902933387 | 56.32051136131489, 77.79460135510689, 18.973665961010276, 42.04759208325728, 44.721359549995796, 68.73136110975832, 72.47068372797375, 34.0, 30.066592756745816, 75.28612089887484, 56.0, 76.94153624668537, 42.190046219457976, 45.69463863518345, 0.0, 48.08326112068523, 65.14598989960932, 92.19544457292888, 68.0294054067798, 31.622776601683793, 43.86342439892262, 74.4043009509531, 74.0, 81.21576201698781, 50.635955604688654, 24.331050121192877, 66.48308055437865, 61.18823416311342, 67.468511173732, 60.8276253029822, 41.182520563948, 15.620499351813308, 52.80151512977634, 29.732137494637012, 72.27724399837061, 30.0, 84.8999411071645, 25.612496949731394, 35.77708763999664 | 8.246211251235321, 42.7551166528639, 52.15361924162119, 12.649110640673518, 70.9365914038728, 22.360679774997898, 33.52610922848042, 50.15974481593781, 50.59644256269407, 44.40720662234904, 62.289646009589745, 31.11269837220809, 37.36308338453881, 5.656854249492381, 48.08326112068523, 0.0, 81.60882305241266, 57.723478758647246, 51.264022471905186, 65.11528238439882, 24.08318915758459, 46.04345773288535, 60.166435825965294, 50.15974481593781, 7.211102550927978, 72.27724399837061, 18.439088914585774, 57.201398584300364, 34.40930106817051, 27.784887978899608, 11.661903789690601, 41.617304093369626, 41.617304093369626, 66.48308055437865, 62.609903369994115, 76.96752561957543, 46.8187996428785, 39.698866482558415, 33.1058907144937 | 87.13208364316786, 74.24284477308234, 46.17358552246078, 86.27861844049197, 22.0, 102.2154587134451, 77.6659513557904, 34.40930106817051, 36.71511950137164, 124.57929201917949, 20.8806130178211, 91.76055797563569, 100.9554357129917, 76.02631123499285, 65.14598989960932, 81.60882305241266, 0.0, 80.39900496896712, 48.0, 36.05551275463989, 58.309518948453004, 64.03124237432849, 44.721359549995796, 70.02856560004639, 88.40814442120137, 66.12110101926616, 94.82615672903758, 32.0624390837628, 114.76933388322858, 107.62899237658968, 70.0, 78.79086241436883, 44.27188724235731, 40.0, 38.8329756778952, 80.09993757800315, 82.09750300709517, 87.65842800324451, 93.74433316206373 | 54.3323108288245, 15.231546211727817, 84.02380615040002, 70.3420215802759, 85.44003745317531, 60.530983801686226, 24.331050121192877, 69.9714227381436, 73.78346698278686, 92.77930803794561, 61.61168720299745, 34.92849839314596, 95.0789145920377, 55.02726596879042, 92.19544457292888, 57.723478758647246, 80.39900496896712, 0.0, 32.984845004941285, 89.55445270895244, 48.41487374764082, 18.867962264113206, 36.0, 11.661903789690601, 62.80127387243033, 111.94641575325224, 52.15361924162119, 49.03060268852505, 84.2140130857092, 80.0, 55.46169849544819, 93.29523031752481, 43.9089968002003, 93.29523031752481, 42.0, 121.6552506059644, 12.165525060596439, 94.847245611035, 90.44335243676011 | 52.839379254491625, 26.68332812825267, 55.60575509783138, 61.61168720299745, 52.80151512977634, 65.60487786742691, 32.2490309931942, 39.59797974644666, 43.86342439892262, 94.82615672903758, 28.635642126552707, 47.70744176750625, 84.38009243891595, 46.17358552246078, 68.0294054067798, 51.264022471905186, 48.0, 32.984845004941285, 0.0, 58.412327466040935, 30.066592756745816, 16.1245154965971, 8.94427190999916, 22.090722034374522, 58.309518948453004, 84.02380615040002, 56.85068161420758, 16.1245154965971, 84.970583144992, 78.79086241436883, 42.7551166528639, 73.7563556583431, 15.231546211727817, 62.48199740725323, 12.806248474865697, 95.4148835350125, 34.23448553724738, 78.40918313565064, 78.10249675906654 | 72.69112738154499, 78.0, 14.422205101855956, 64.62197768561404, 14.142135623730951, 87.47571091451616, 76.6550715869472, 19.697715603592208, 16.492422502470642, 102.0, 34.9857113690718, 86.57944328765345, 72.24956747275377, 60.530983801686226, 31.622776601683793, 65.11528238439882, 36.05551275463989, 89.55445270895244, 58.412327466040935, 0.0, 48.373546489791295, 70.71067811865476, 60.8276253029822, 77.89736837660179, 70.3420215802759, 30.59411708155671, 82.38931969618392, 45.34313619501854, 93.03762679690406, 85.90692637965812, 54.3323108288245, 46.861498055439924, 45.65084884205331, 4.47213595499958, 56.85068161420758, 44.40720662234904, 86.16263691415206, 56.639209034025185, 65.29931086925804 | 28.844410203711913, 33.94112549695428, 38.62641583165593, 32.31098884280702, 50.635955604688654, 43.9089968002003, 29.5296461204668, 30.066592756745816, 32.0624390837628, 68.41052550594829, 38.41874542459709, 38.2099463490856, 54.3323108288245, 18.439088914585774, 43.86342439892262, 24.08318915758459, 58.309518948453004, 48.41487374764082, 30.066592756745816, 48.373546489791295, 0.0, 31.304951684997057, 38.47076812334269, 37.73592452822641, 31.240998703626616, 64.89992295835181, 36.76955262170047, 33.28663395418648, 58.412327466040935, 51.61395160225576, 13.416407864998739, 45.69463863518345, 17.88854381999832, 50.99019513592785, 39.84971769034255, 73.59347797189639, 41.23105625617661, 49.03060268852505, 48.041648597857254 | 45.12205669071391, 10.770329614269007, 65.29931086925804, 58.034472514187634, 67.05221845696084, 55.46169849544819, 18.439088914585774, 51.10772935672255, 54.91812087098393, 86.64871608973787, 44.181444068749045, 33.94112549695428, 82.38931969618392, 42.04759208325728, 74.4043009509531, 46.04345773288535, 64.03124237432849, 18.867962264113206, 16.1245154965971, 70.71067811865476, 31.304951684997057, 0.0, 22.360679774997898, 7.211102550927978, 52.3450093132096, 93.38094023943002, 46.51881339845203, 32.0, 77.20103626247513, 71.80529228406496, 40.792156108742276, 76.96752561957543, 25.059928172283335, 74.43117626371358, 27.85677655436824, 103.47946656221224, 18.110770276274835, 79.6994353806851, 76.94153624668537 | 61.773780845922005, 33.1058907144937, 60.03332407921454, 70.3420215802759, 53.25410782277739, 74.4043009509531, 40.0, 43.266615305567875, 47.70744176750625, 103.76897416858277, 27.784887978899608, 55.60575509783138, 92.77930803794561, 55.02726596879042, 74.0, 60.166435825965294, 44.721359549995796, 36.0, 8.94427190999916, 60.8276253029822, 38.47076812334269, 22.360679774997898, 0.0, 26.68332812825267, 67.23094525588644, 88.20430828479978, 65.60487786742691, 15.620499351813308, 93.91485505499116, 87.72684879784524, 51.419840528729765, 80.89499366462674, 22.090722034374522, 65.11528238439882, 6.0, 100.23971268913334, 39.84971769034255, 86.09297300012354, 86.37129152675674 | 48.16637831516918, 8.94427190999916, 72.47068372797375, 62.51399843235114, 74.0, 56.92099788303083, 18.973665961010276, 58.309518948453004, 62.12889826803627, 88.76936408468859, 50.635955604688654, 33.28663395418648, 87.13208364316786, 46.69047011971501, 81.21576201698781, 50.15974481593781, 70.02856560004639, 11.661903789690601, 22.090722034374522, 77.89736837660179, 37.73592452822641, 7.211102550927978, 26.68332812825267, 0.0, 56.0, 100.4987562112089, 48.08326112068523, 38.2099463490856, 79.62411694957753, 74.67261881037788, 46.17358552246078, 83.18653737234169, 32.2490309931942, 81.6333265278342, 32.55764119219941, 110.45361017187261, 13.416407864998739, 85.44003745317531, 82.0 | 8.94427190999916, 48.16637831516918, 56.88585061331157, 10.0, 76.96752561957543, 18.110770276274835, 38.47076812334269, 56.356011214421486, 56.462376853972415, 37.20215047547655, 69.31089380465383, 33.28663395418648, 33.1058907144937, 12.806248474865697, 50.635955604688654, 7.211102550927978, 88.40814442120137, 62.80127387243033, 58.309518948453004, 70.3420215802759, 31.240998703626616, 52.3450093132096, 67.23094525588644, 56.0, 0.0, 74.96665925596525, 17.204650534085253, 64.40496875241847, 27.202941017470888, 20.591260281974, 18.439088914585774, 42.04759208325728, 48.82622246293481, 71.386273190299, 69.77105417004964, 78.43468620451031, 51.419840528729765, 38.41874542459709, 30.0 | 80.52328855678958, 98.40731680114035, 28.42534080710379, 66.27216610312357, 44.181444068749045, 93.05912099305473, 94.33981132056604, 44.94441010848846, 40.496913462633174, 97.67292357659824, 64.62197768561404, 100.31948963187563, 62.6418390534633, 69.57010852370435, 24.331050121192877, 72.27724399837061, 66.12110101926616, 111.94641575325224, 84.02380615040002, 30.59411708155671, 64.89992295835181, 93.38094023943002, 88.20430828479978, 100.4987562112089, 74.96665925596525, 0.0, 90.70832376358854, 73.43023900274328, 90.55385138137417, 84.2140130857092, 64.62197768561404, 36.49657518178932, 69.42621983083913, 26.30589287593181, 85.0881895447306, 14.0, 106.01886624558857, 45.60701700396552, 57.271284253105414 | 10.198039027185569, 39.293765408777, 70.0, 27.202941017470888, 86.83317338436964, 8.94427190999916, 29.120439557122072, 65.96969000988257, 67.08203932499369, 40.792156108742276, 74.43117626371358, 18.439088914585774, 48.82622246293481, 22.0, 66.48308055437865, 18.439088914585774, 94.82615672903758, 52.15361924162119, 56.85068161420758, 82.38931969618392, 36.76955262170047, 46.51881339845203, 65.60487786742691, 48.08326112068523, 17.204650534085253, 90.70832376358854, 0.0, 66.84309986827361, 32.0624390837628, 28.284271247461902, 28.071337695236398, 59.0592922409336, 51.61395160225576, 84.09518416651456, 69.42621983083913, 95.0789145920377, 40.049968789001575, 55.60575509783138, 46.69047011971501 | 60.8276253029822, 42.190046219457976, 45.69463863518345, 65.29931086925804, 37.73592452822641, 75.07329751649384, 46.17358552246078, 28.635642126552707, 33.1058907144937, 101.6070863670443, 12.649110640673518, 60.92618484691127, 85.44003745317531, 51.61395160225576, 61.18823416311342, 57.201398584300364, 32.0624390837628, 49.03060268852505, 16.1245154965971, 45.34313619501854, 33.28663395418648, 32.0, 15.620499351813308, 38.2099463490856, 64.40496875241847, 73.43023900274328, 66.84309986827361, 0.0, 91.60785992479029, 84.87638069569178, 46.647615158762406, 70.0, 15.620499351813308, 49.678969393496885, 11.661903789690601, 85.90692637965812, 50.039984012787215, 76.4198926981712, 78.587530817554 | 32.31098884280702, 71.02112361825881, 78.79086241436883, 28.844410203711913, 101.54801819828883, 24.08318915758459, 60.8276253029822, 81.60882305241266, 80.99382692526635, 10.0, 96.20810776644555, 50.039984012787215, 31.04834939252005, 40.0, 67.468511173732, 34.40930106817051, 114.76933388322858, 84.2140130857092, 84.970583144992, 93.03762679690406, 58.412327466040935, 77.20103626247513, 93.91485505499116, 79.62411694957753, 27.202941017470888, 90.55385138137417, 32.0624390837628, 91.60785992479029, 0.0, 7.211102550927978, 45.34313619501854, 54.147945482723536, 76.02631123499285, 93.23089616645332, 96.74709297958259, 90.08884503644167, 72.11102550927978, 46.04345773288535, 34.058772731852805 | 26.68332812825267, 66.27216610312357, 71.69379331573968, 21.633307652783937, 94.33981132056604, 21.540659228538015, 56.142675390472796, 74.4043009509531, 73.78346698278686, 16.97056274847714, 89.19641248391103, 46.69047011971501, 26.832815729997478, 33.28663395418648, 60.8276253029822, 27.784887978899608, 107.62899237658968, 80.0, 78.79086241436883, 85.90692637965812, 51.61395160225576, 71.80529228406496, 87.72684879784524, 74.67261881037788, 20.591260281974, 84.2140130857092, 28.284271247461902, 84.87638069569178, 7.211102550927978, 0.0, 38.41874542459709, 48.0, 69.33974329343886, 86.16263691415206, 90.35485598461214, 84.38009243891595, 68.0294054067798, 40.44749683231337, 28.635642126552707 | 18.439088914585774, 40.24922359499622, 42.04759208325728, 18.973665961010276, 59.464274989274024, 33.52610922848042, 32.802438933713454, 38.62641583165593, 39.293765408777, 55.31726674375732, 50.91168824543142, 35.77708763999664, 42.0, 6.324555320336759, 41.182520563948, 11.661903789690601, 70.0, 55.46169849544819, 42.7551166528639, 54.3323108288245, 13.416407864998739, 40.792156108742276, 51.419840528729765, 46.17358552246078, 18.439088914585774, 64.62197768561404, 28.071337695236398, 46.647615158762406, 45.34313619501854, 38.41874542459709, 0.0, 38.41874542459709, 31.304951684997057, 56.0357029044876, 53.14132102234569, 71.02112361825881, 46.04345773288535, 39.395431207184416, 36.22154055254967 | 49.39635614091387, 78.23042886243178, 33.28663395418648, 32.31098884280702, 59.36328831862332, 59.464274989274024, 71.21797525905943, 45.60701700396552, 42.37924020083418, 61.18823416311342, 67.08203932499369, 72.47068372797375, 26.832815729997478, 41.036569057366385, 15.620499351813308, 41.617304093369626, 78.79086241436883, 93.29523031752481, 73.7563556583431, 46.861498055439924, 45.69463863518345, 76.96752561957543, 80.89499366462674, 83.18653737234169, 42.04759208325728, 36.49657518178932, 59.0592922409336, 70.0, 54.147945482723536, 48.0, 38.41874542459709, 0.0, 58.855755878248644, 45.254833995939045, 80.22468448052632, 36.87817782917155, 84.40379138403677, 10.0, 20.8806130178211 | 45.254833995939045, 32.984845004941285, 41.036569057366385, 50.15974481593781, 42.7551166528639, 59.665735560705194, 34.058772731852805, 26.076809620810597, 30.0, 86.02325267042627, 23.40939982143925, 47.53945729601885, 71.386273190299, 36.05551275463989, 52.80151512977634, 41.617304093369626, 44.27188724235731, 43.9089968002003, 15.231546211727817, 45.65084884205331, 17.88854381999832, 25.059928172283335, 22.090722034374522, 32.2490309931942, 48.82622246293481, 69.42621983083913, 51.61395160225576, 15.620499351813308, 76.02631123499285, 69.33974329343886, 31.304951684997057, 58.855755878248644, 0.0, 49.39635614091387, 22.360679774997898, 80.44874144447506, 41.23105625617661, 64.03124237432849, 64.77653896280658 | 74.24284477308234, 81.43709228600933, 14.560219778561036, 65.14598989960932, 18.0, 88.81441324469807, 79.6994353806851, 23.323807579381203, 19.697715603592208, 101.9803902718557, 39.44616584663204, 89.10667763978185, 71.21797525905943, 62.12889826803627, 29.732137494637012, 66.48308055437865, 40.0, 93.29523031752481, 62.48199740725323, 4.47213595499958, 50.99019513592785, 74.43117626371358, 65.11528238439882, 81.6333265278342, 71.386273190299, 26.30589287593181, 84.09518416651456, 49.678969393496885, 93.23089616645332, 86.16263691415206, 56.0357029044876, 45.254833995939045, 49.39635614091387, 0.0, 61.220911460055866, 40.19950248448356, 89.55445270895244, 55.17245689653489, 64.40496875241847 | 64.89992295835181, 38.62641583165593, 57.271284253105414, 72.11102550927978, 48.41487374764082, 78.10249675906654, 44.94441010848846, 40.24922359499622, 44.721359549995796, 106.6770828247567, 22.80350850198276, 60.4648658313239, 93.74433316206373, 57.271284253105414, 72.27724399837061, 62.609903369994115, 38.8329756778952, 42.0, 12.806248474865697, 56.85068161420758, 39.84971769034255, 27.85677655436824, 6.0, 32.55764119219941, 69.77105417004964, 85.0881895447306, 69.42621983083913, 11.661903789690601, 96.74709297958259, 90.35485598461214, 53.14132102234569, 80.22468448052632, 22.360679774997898, 61.220911460055866, 0.0, 97.50897394599124, 45.60701700396552, 86.02325267042627, 87.13208364316786 | 85.0881895447306, 107.5174404457249, 40.24922359499622, 68.96375859826666, 58.137767414994535, 96.16652224137046, 102.44998779892558, 57.271284253105414, 52.80151512977634, 96.08329719571451, 77.79460135510689, 106.6770828247567, 60.13318551349163, 75.17978451685, 30.0, 76.96752561957543, 80.09993757800315, 121.6552506059644, 95.4148835350125, 44.40720662234904, 73.59347797189639, 103.47946656221224, 100.23971268913334, 110.45361017187261, 78.43468620451031, 14.0, 95.0789145920377, 85.90692637965812, 90.08884503644167, 84.38009243891595, 71.02112361825881, 36.87817782917155, 80.44874144447506, 40.19950248448356, 97.50897394599124, 0.0, 114.76933388322858, 44.04543109109048, 56.0357029044876 | 42.7551166528639, 8.246211251235321, 78.89233169326408, 59.464274989274024, 83.95236744726142, 48.373546489791295, 13.416407864998739, 66.48308055437865, 69.85699678629192, 80.62257748298549, 62.03224967708329, 22.80350850198276, 84.11896337925236, 44.721359549995796, 84.8999411071645, 46.8187996428785, 82.09750300709517, 12.165525060596439, 34.23448553724738, 86.16263691415206, 41.23105625617661, 18.110770276274835, 39.84971769034255, 13.416407864998739, 51.419840528729765, 106.01886624558857, 40.049968789001575, 50.039984012787215, 72.11102550927978, 68.0294054067798, 46.04345773288535, 84.40379138403677, 41.23105625617661, 89.55445270895244, 45.60701700396552, 114.76933388322858, 0.0, 85.0881895447306, 79.84985911070852 | 46.69047011971501, 79.62411694957753, 42.80186911806539, 28.42534080710379, 68.81860213634101, 54.589376255824725, 71.69379331573968, 53.85164807134504, 50.99019513592785, 52.3450093132096, 74.72616676907762, 70.76722405181653, 17.08800749063506, 40.496913462633174, 25.612496949731394, 39.698866482558415, 87.65842800324451, 94.847245611035, 78.40918313565064, 56.639209034025185, 49.03060268852505, 79.6994353806851, 86.09297300012354, 85.44003745317531, 38.41874542459709, 45.60701700396552, 55.60575509783138, 76.4198926981712, 46.04345773288535, 40.44749683231337, 39.395431207184416, 10.0, 64.03124237432849, 55.17245689653489, 86.02325267042627, 44.04543109109048, 85.0881895447306, 0.0, 12.0 | 38.8329756778952, 75.28612089887484, 50.99019513592785, 20.591260281974, 76.4198926981712, 44.40720662234904, 66.48308055437865, 59.36328831862332, 57.201398584300364, 40.44749683231337, 78.79086241436883, 63.245553203367585, 7.211102550927978, 35.4400902933387, 35.77708763999664, 33.1058907144937, 93.74433316206373, 90.44335243676011, 78.10249675906654, 65.29931086925804, 48.041648597857254, 76.94153624668537, 86.37129152675674, 82.0, 30.0, 57.271284253105414, 46.69047011971501, 78.587530817554, 34.058772731852805, 28.635642126552707, 36.22154055254967, 20.8806130178211, 64.77653896280658, 64.40496875241847, 87.13208364316786, 56.0357029044876, 79.84985911070852, 12.0, 0.0 |];
