n = 48;
m = 7;
q = 100;
d = [0, 20, 14, 5, 11, 22, 25, 2, 18, 10, 26, 14, 22, 9, 11, 18, 24, 15, 23, 16, 14, 8, 5, 12, 8, 16, 12, 15, 9, 2, 10, 2, 3, 20, 3, 13, 25, 23, 8, 16, 9, 14, 4, 13, 7, 16, 18, 16];
c = [| 0, 48083, 58309, 77794, 87315, 44181, 47413, 48373, 82097, 70880, 58000, 97015, 36221, 88566, 11661, 80622, 36878, 16124, 12806, 63812, 94085, 78892, 48166, 26683, 81706, 72801, 90000, 70256, 56356, 74242, 81633, 36221, 37735, 72249, 60166, 18867, 44271, 62769, 60464, 88000, 38052, 36055, 88769, 34525, 14142, 54332, 92649, 38209 | 48083, 0, 97324, 63906, 101980, 10198, 8944, 52497, 84403, 85276, 91760, 106301, 20591, 106826, 56568, 86556, 71386, 60299, 38209, 41761, 90354, 101548, 20591, 21540, 98081, 44045, 88836, 76419, 80498, 95414, 104307, 14142, 31622, 102156, 76026, 36055, 42520, 49193, 37947, 87132, 50119, 82873, 99035, 14422, 36221, 65604, 115377, 74966 | 58309, 97324, 0, 86092, 55713, 97529, 92347, 58821, 69426, 48414, 12806, 69079, 92477, 51419, 46647, 64031, 26076, 42190, 61351, 87361, 83737, 39293, 86023, 79699, 50159, 98081, 78102, 59464, 31240, 39395, 40792, 89844, 70028, 24083, 44045, 61611, 65115, 79120, 86348, 76576, 52611, 31304, 62609, 87361, 63245, 50119, 48000, 22360 | 77794, 63906, 86092, 0, 54589, 72801, 55027, 31622, 29120, 44407, 74242, 52000, 78917, 62289, 76026, 34525, 66483, 76157, 65969, 22360, 28284, 64280, 43680, 68029, 54037, 25612, 28844, 30265, 55461, 58549, 66121, 71021, 42190, 74726, 43081, 59665, 33526, 16000, 26000, 27784, 42190, 93722, 47539, 68731, 65513, 36055, 74108, 70767 | 87315, 101980, 55713, 54589, 0, 107517, 93722, 49517, 26000, 17204, 43680, 13416, 108406, 8246, 78587, 20099, 54332, 75709, 81412, 69856, 36055, 17204, 82800, 94403, 6000, 77794, 31048, 26832, 32249, 16492, 16970, 102176, 70710, 33286, 27784, 77175, 59464, 59093, 71554, 30594, 54405, 80224, 8944, 99357, 82365, 36878, 20396, 56035 | 44181, 10198, 97529, 72801, 107517, 0, 18110, 58137, 91586, 90509, 93230, 112800, 11313, 111803, 54037, 93230, 72111, 58137, 36496, 50990, 98488, 105603, 29120, 18110, 103247, 54000, 96602, 82800, 83761, 99639, 108406, 8000, 36878, 104709, 80721, 36055, 48414, 57584, 47074, 94826, 54037, 80024, 105261, 10198, 34525, 70710, 119632, 75286 | 47413, 8944, 92347, 55027, 93722, 18110, 0, 44407, 75604, 77201, 85906, 97672, 26683, 98812, 54405, 77897, 66272, 57723, 36055, 32984, 81412, 94021, 11661, 22627, 90000, 36055, 79924, 67882, 73539, 87817, 96747, 18973, 24166, 95519, 68264, 32557, 34409, 40249, 29120, 78230, 43081, 80523, 90509, 17888, 34176, 57688, 107703, 70114 | 48373, 52497, 58821, 31622, 49517, 58137, 44407, 0, 35440, 32802, 48662, 54918, 60033, 54405, 44944, 35777, 36055, 44721, 38052, 28635, 46043, 50159, 34000, 46518, 45607, 39293, 42426, 25059, 32062, 43863, 52801, 53254, 21260, 54332, 24166, 32249, 10000, 20591, 28071, 40447, 10770, 62289, 47201, 50477, 38209, 13416, 63529, 40496 | 82097, 84403, 69426, 29120, 26000, 91586, 75604, 35440, 0, 21260, 56639, 23323, 94847, 34058, 76236, 6324, 57584, 74672, 72993, 47201, 14422, 38626, 64031, 81706, 26683, 53665, 8944, 12165, 38832, 34000, 39849, 87658, 55461, 52153, 26832, 67468, 43863, 36878, 49678, 7211, 44407, 86162, 18439, 84970, 73348, 28071, 46173, 60926 | 70880, 85276, 48414, 44407, 17204, 90509, 77201, 32802, 21260, 0, 35608, 26305, 91214, 21633, 62801, 15620, 40199, 60299, 64404, 55785, 35383, 20000, 66573, 77201, 12806, 64776, 29732, 14142, 18973, 14142, 22090, 85041, 53814, 31304, 10770, 60033, 42801, 45122, 56920, 28284, 37202, 67911, 18110, 82219, 65299, 19798, 31622, 42755 | 58000, 91760, 12806, 74242, 43680, 93230, 85906, 48662, 56639, 35608, 0, 56920, 89554, 40199, 46690, 51224, 21633, 42520, 58309, 77278, 70936, 28071, 78409, 76026, 37947, 87863, 65299, 46861, 18867, 27202, 30000, 85906, 62513, 15231, 31622, 57271, 56035, 68410, 76655, 63780, 44045, 38470, 50159, 83258, 60033, 38626, 38832, 19798 | 97015, 106301, 69079, 52000, 13416, 112800, 97672, 54918, 23323, 26305, 56920, 0, 114908, 19798, 89106, 19798, 66000, 86579, 89888, 70455, 28000, 30528, 86278, 101212, 18973, 76941, 24331, 30000, 44045, 29732, 30000, 108166, 76026, 46647, 36878, 85088, 64404, 60000, 72801, 24738, 61741, 92779, 8246, 105394, 90620, 43863, 30528, 68117 | 36221, 20591, 92477, 78917, 108406, 11313, 26683, 60033, 94847, 91214, 89554, 114908, 0, 111946, 47074, 95770, 68000, 51419, 31304, 58034, 103092, 104690, 36000, 14142, 103711, 62513, 100657, 85088, 82219, 98994, 107517, 8000, 39395, 102078, 80919, 32802, 50990, 63150, 54037, 98792, 54037, 72249, 107070, 10198, 29529, 71610, 118827, 70682 | 88566, 106826, 51419, 62289, 8246, 111803, 98812, 54405, 34058, 21633, 40199, 19798, 111946, 0, 79120, 28000, 53851, 75894, 83761, 76550, 44271, 12165, 88204, 97836, 8944, 84899, 39293, 33526, 32310, 14560, 10770, 106075, 75286, 27856, 31112, 80000, 64404, 65787, 78000, 38832, 58000, 78025, 17088, 103247, 84876, 41231, 12165, 54918 | 11661, 56568, 46647, 76026, 78587, 54037, 54405, 44944, 76236, 62801, 46690, 89106, 47074, 79120, 0, 74000, 26076, 4472, 18439, 65115, 89106, 68876, 52839, 36000, 72801, 74966, 84593, 64124, 46818, 64621, 71554, 46043, 39698, 61220, 52345, 22360, 43266, 62128, 62225, 82607, 34176, 26305, 80894, 44000, 20396, 48166, 82365, 26907 | 80622, 86556, 64031, 34525, 20099, 93230, 77897, 35777, 6324, 15620, 51224, 19798, 95770, 28000, 74000, 0, 53851, 72111, 72277, 51107, 19798, 32310, 66483, 82292, 20396, 58309, 14142, 10770, 34000, 27784, 33526, 88836, 56603, 46043, 22803, 67052, 44944, 40496, 53254, 12806, 43680, 82219, 13416, 86092, 72801, 26305, 40049, 56920 | 36878, 71386, 26076, 66483, 54332, 72111, 66272, 36055, 57584, 40199, 21633, 66000, 68000, 53851, 26076, 53851, 0, 22360, 36715, 63560, 71693, 43081, 60133, 54626, 48373, 74323, 66483, 45694, 22090, 39293, 45694, 64621, 44181, 35383, 31048, 36055, 40496, 56603, 62032, 64621, 27856, 28635, 58034, 62032, 38470, 31622, 56356, 4472 | 16124, 60299, 42190, 76157, 75709, 58137, 57723, 44721, 74672, 60299, 42520, 86579, 51419, 75894, 4472, 72111, 22360, 0, 22090, 66483, 87863, 65391, 55461, 40049, 69856, 76576, 83186, 62513, 43680, 61351, 68029, 50159, 41617, 57201, 50039, 25298, 44045, 62801, 63780, 81215, 34000, 22803, 78409, 48041, 24083, 46690, 78714, 22803 | 12806, 38209, 61351, 65969, 81412, 36496, 36055, 38052, 72993, 64404, 58309, 89888, 31304, 83761, 18439, 72277, 36715, 22090, 0, 51107, 84095, 75286, 35608, 18439, 76157, 60000, 80399, 61611, 52497, 70000, 78102, 28635, 25059, 71217, 53665, 6324, 32557, 50596, 47707, 78409, 28635, 44721, 81706, 26305, 2000, 46173, 89375, 39395 | 63812, 41761, 87361, 22360, 69856, 50990, 32984, 28635, 47201, 55785, 77278, 70455, 58034, 76550, 65115, 51107, 63560, 66483, 51107, 0, 50000, 75312, 22090, 48662, 67675, 10770, 49517, 43081, 60133, 69050, 77665, 50039, 26076, 82000, 50159, 44944, 23323, 10770, 4000, 48083, 35777, 87200, 64498, 48000, 50119, 40000, 87361, 68029 | 94085, 90354, 83737, 28284, 36055, 98488, 81412, 46043, 14422, 35383, 70936, 28000, 103092, 44271, 89106, 19798, 71693, 87863, 84095, 50000, 0, 51107, 69771, 90708, 38470, 53814, 5656, 26000, 53254, 47201, 51884, 95519, 64031, 65604, 41182, 78230, 52952, 41182, 53254, 7211, 56035, 100319, 27202, 92973, 84214, 41231, 56320, 75153 | 78892, 101548, 39293, 64280, 17204, 105603, 94021, 50159, 38626, 20000, 28071, 30528, 104690, 12165, 68876, 32310, 43081, 65391, 75286, 75312, 51107, 0, 84095, 90553, 12806, 84593, 45650, 34058, 22803, 6324, 2828, 99357, 69971, 16124, 26000, 72138, 59933, 64776, 76157, 44721, 51613, 66121, 25455, 96540, 76576, 36769, 14142, 43680 | 48166, 20591, 86023, 43680, 82800, 29120, 11661, 34000, 64031, 66573, 78409, 86278, 36000, 88204, 52839, 66483, 60133, 55461, 35608, 22090, 69771, 84095, 0, 27856, 79322, 27202, 68264, 56639, 64560, 77820, 86764, 28000, 16000, 86833, 58137, 30528, 24166, 28635, 18110, 66573, 34525, 78000, 79246, 26076, 34058, 47413, 97529, 64280 | 26683, 21540, 79699, 68029, 94403, 18110, 22627, 46518, 81706, 77201, 76026, 101212, 14142, 97836, 36000, 82292, 54626, 40049, 18439, 48662, 90708, 90553, 27856, 0, 89643, 55027, 87931, 71554, 68117, 84852, 93380, 10198, 26683, 88204, 66843, 18867, 37947, 52038, 44721, 86023, 40000, 62128, 93295, 8000, 16492, 57688, 104690, 57584 | 81706, 98081, 50159, 54037, 6000, 103247, 90000, 45607, 26683, 12806, 37947, 18973, 103711, 8944, 72801, 20396, 48373, 69856, 76157, 67675, 38470, 12806, 79322, 89643, 0, 76157, 33105, 24738, 26305, 10770, 13416, 97672, 66603, 28425, 22803, 72111, 55605, 56920, 69079, 32310, 49678, 74242, 12806, 94847, 77175, 32557, 20099, 50039 | 72801, 44045, 98081, 25612, 77794, 54000, 36055, 39293, 53665, 64776, 87863, 76941, 62513, 84899, 74966, 58309, 74323, 76576, 60000, 10770, 53814, 84593, 27202, 55027, 76157, 0, 54405, 51419, 70455, 78409, 86833, 54589, 35383, 92086, 60000, 54037, 34000, 20000, 12806, 53254, 46518, 97652, 71693, 52952, 58821, 50159, 96104, 78790 | 90000, 88836, 78102, 28844, 31048, 96602, 79924, 42426, 8944, 29732, 65299, 24331, 100657, 39293, 84593, 14142, 66483, 83186, 80399, 49517, 5656, 45650, 68264, 87931, 33105, 54405, 0, 20880, 47707, 41617, 46518, 93230, 61351, 60000, 35777, 74672, 50000, 40000, 52497, 2000, 52038, 95078, 22360, 90620, 80622, 36496, 51419, 69856 | 70256, 76419, 59464, 30265, 26832, 82800, 67882, 25059, 12165, 14142, 46861, 30000, 85088, 33526, 64124, 10770, 45694, 62513, 61611, 43081, 26000, 34058, 56639, 71554, 24738, 51419, 20880, 0, 28284, 28284, 36000, 78230, 46043, 44944, 15620, 56320, 34409, 32310, 44721, 18973, 32984, 74323, 22627, 75471, 62096, 16000, 44721, 49193 | 56356, 80498, 31240, 55461, 32249, 83761, 73539, 32062, 38832, 18973, 18867, 44045, 82219, 32310, 46818, 34000, 22090, 43680, 52497, 60133, 53254, 22803, 64560, 68117, 26305, 70455, 47707, 28284, 0, 17888, 25612, 77201, 49396, 22360, 12806, 49517, 40792, 50635, 60000, 46043, 30463, 49030, 36221, 74404, 53814, 20396, 36878, 24083 | 74242, 95414, 39395, 58549, 16492, 99639, 87817, 43863, 34000, 14142, 27202, 29732, 98994, 14560, 64621, 27784, 39293, 61351, 70000, 69050, 47201, 6324, 77820, 84852, 10770, 78409, 41617, 28284, 17888, 0, 8944, 93509, 63812, 18439, 19697, 66603, 53665, 58549, 69856, 40496, 45607, 64031, 23323, 90686, 71217, 30463, 20000, 40447 | 81633, 104307, 40792, 66121, 16970, 108406, 96747, 52801, 39849, 22090, 30000, 30000, 107517, 10770, 71554, 33526, 45694, 68029, 78102, 77665, 51884, 2828, 86764, 93380, 13416, 86833, 46518, 36000, 25612, 8944, 0, 102176, 72718, 17088, 28635, 74966, 62609, 67082, 78587, 45694, 54405, 68264, 25612, 99357, 79397, 39395, 11313, 46173 | 36221, 14142, 89844, 71021, 102176, 8000, 18973, 53254, 87658, 85041, 85906, 108166, 8000, 106075, 46043, 88836, 64621, 50159, 28635, 50039, 95519, 99357, 28000, 10198, 97672, 54589, 93230, 78230, 77201, 93509, 102176, 0, 32249, 97754, 74966, 28635, 43908, 55317, 46043, 91389, 48083, 72027, 100439, 2828, 26683, 65299, 113454, 67675 | 37735, 31622, 70028, 42190, 70710, 36878, 24166, 21260, 55461, 53814, 62513, 76026, 39395, 75286, 39698, 56603, 44181, 41617, 25059, 26076, 64031, 69971, 16000, 26683, 66603, 35383, 61351, 46043, 49396, 63812, 72718, 32249, 0, 71470, 44407, 18867, 11661, 26305, 22803, 59464, 18973, 63529, 68410, 29529, 24166, 34058, 83761, 48373 | 72249, 102156, 24083, 74726, 33286, 104709, 95519, 54332, 52153, 31304, 15231, 46647, 102078, 27856, 61220, 46043, 35383, 57201, 71217, 82000, 65604, 16124, 86833, 88204, 28425, 92086, 60000, 44944, 22360, 18439, 17088, 97754, 71470, 0, 32249, 69339, 63150, 72111, 82097, 58821, 52497, 53366, 41231, 95015, 72801, 42000, 24083, 34409 | 60166, 76026, 44045, 43081, 27784, 80721, 68264, 24166, 26832, 10770, 31622, 36878, 80919, 31112, 52345, 22803, 31048, 50039, 53665, 50159, 41182, 26000, 58137, 66843, 22803, 60000, 35777, 15620, 12806, 19697, 28635, 74966, 44407, 32249, 0, 49396, 34000, 40000, 50635, 34000, 26907, 59464, 28635, 72138, 54589, 10770, 39446, 34176 | 18867, 36055, 61611, 59665, 77175, 36055, 32557, 32249, 67468, 60033, 57271, 85088, 32802, 80000, 22360, 67052, 36055, 25298, 6324, 44944, 78230, 72138, 30528, 18867, 72111, 54037, 74672, 56320, 49517, 66603, 74966, 28635, 18867, 69339, 49396, 0, 26305, 44271, 41617, 72691, 23409, 48083, 76967, 26000, 6000, 41231, 86278, 39293 | 44271, 42520, 65115, 33526, 59464, 48414, 34409, 10000, 43863, 42801, 56035, 64404, 50990, 64404, 43266, 44944, 40496, 44045, 32557, 23323, 52952, 59933, 24166, 37947, 55605, 34000, 50000, 34409, 40792, 53665, 62609, 43908, 11661, 63150, 34000, 26305, 0, 18867, 21540, 48083, 12649, 64031, 56850, 41182, 32249, 23323, 73430, 44944 | 62769, 49193, 79120, 16000, 59093, 57584, 40249, 20591, 36878, 45122, 68410, 60000, 63150, 65787, 62128, 40496, 56603, 62801, 50596, 10770, 41182, 64776, 28635, 52038, 56920, 20000, 40000, 32310, 50635, 58549, 67082, 55317, 26305, 72111, 40000, 44271, 18867, 0, 12806, 38418, 29732, 82073, 53851, 52952, 50000, 30265, 76655, 61057 | 60464, 37947, 86348, 26000, 71554, 47074, 29120, 28071, 49678, 56920, 76655, 72801, 54037, 78000, 62225, 53254, 62032, 63780, 47707, 4000, 53254, 76157, 18110, 44721, 69079, 12806, 52497, 44721, 60000, 69856, 78587, 46043, 22803, 82097, 50635, 41617, 21540, 12806, 0, 50990, 34176, 84876, 66573, 44000, 46647, 40199, 88543, 66483 | 88000, 87132, 76576, 27784, 30594, 94826, 78230, 40447, 7211, 28284, 63780, 24738, 98792, 38832, 82607, 12806, 64621, 81215, 78409, 48083, 7211, 44721, 66573, 86023, 32310, 53254, 2000, 18973, 46043, 40496, 45694, 91389, 59464, 58821, 34000, 72691, 48083, 38418, 50990, 0, 50039, 93230, 22090, 88769, 78638, 34525, 50990, 68029 | 38052, 50119, 52611, 42190, 54405, 54037, 43081, 10770, 44407, 37202, 44045, 61741, 54037, 58000, 34176, 43680, 27856, 34000, 28635, 35777, 56035, 51613, 34525, 40000, 49678, 46518, 52038, 32984, 30463, 45607, 54405, 48083, 18973, 52497, 26907, 23409, 12649, 29732, 34176, 50039, 0, 52345, 53665, 45254, 29120, 17888, 65604, 32310 | 36055, 82873, 31304, 93722, 80224, 80024, 80523, 62289, 86162, 67911, 38470, 92779, 72249, 78025, 26305, 82219, 28635, 22803, 44721, 87200, 100319, 66121, 78000, 62128, 74242, 97652, 95078, 74323, 49030, 64031, 68264, 72027, 63529, 53366, 59464, 48083, 64031, 82073, 84876, 93230, 52345, 0, 85158, 70114, 46690, 60033, 77278, 25298 | 88769, 99035, 62609, 47539, 8944, 105261, 90509, 47201, 18439, 18110, 50159, 8246, 107070, 17088, 80894, 13416, 58034, 78409, 81706, 64498, 27202, 25455, 79246, 93295, 12806, 71693, 22360, 22627, 36221, 23323, 25612, 100439, 68410, 41231, 28635, 76967, 56850, 53851, 66573, 22090, 53665, 85158, 0, 97652, 82462, 35777, 29120, 60299 | 34525, 14422, 87361, 68731, 99357, 10198, 17888, 50477, 84970, 82219, 83258, 105394, 10198, 103247, 44000, 86092, 62032, 48041, 26305, 48000, 92973, 96540, 26076, 8000, 94847, 52952, 90620, 75471, 74404, 90686, 99357, 2828, 29529, 95015, 72138, 26000, 41182, 52952, 44000, 88769, 45254, 70114, 97652, 0, 24331, 62481, 110634, 65145 | 14142, 36221, 63245, 65513, 82365, 34525, 34176, 38209, 73348, 65299, 60033, 90620, 29529, 84876, 20396, 72801, 38470, 24083, 2000, 50119, 84214, 76576, 34058, 16492, 77175, 58821, 80622, 62096, 53814, 71217, 79397, 26683, 24166, 72801, 54589, 6000, 32249, 50000, 46647, 78638, 29120, 46690, 82462, 24331, 0, 46818, 90686, 41231 | 54332, 65604, 50119, 36055, 36878, 70710, 57688, 13416, 28071, 19798, 38626, 43863, 71610, 41231, 48166, 26305, 31622, 46690, 46173, 40000, 41231, 36769, 47413, 57688, 32557, 50159, 36496, 16000, 20396, 30463, 39395, 65299, 34058, 42000, 10770, 41231, 23323, 30265, 40199, 34525, 17888, 60033, 35777, 62481, 46818, 0, 50119, 35608 | 92649, 115377, 48000, 74108, 20396, 119632, 107703, 63529, 46173, 31622, 38832, 30528, 118827, 12165, 82365, 40049, 56356, 78714, 89375, 87361, 56320, 14142, 97529, 104690, 20099, 96104, 51419, 44721, 36878, 20000, 11313, 113454, 83761, 24083, 39446, 86278, 73430, 76655, 88543, 50990, 65604, 77278, 29120, 110634, 90686, 50119, 0, 56462 | 38209, 74966, 22360, 70767, 56035, 75286, 70114, 40496, 60926, 42755, 19798, 68117, 70682, 54918, 26907, 56920, 4472, 22803, 39395, 68029, 75153, 43680, 64280, 57584, 50039, 78790, 69856, 49193, 24083, 40447, 46173, 67675, 48373, 34409, 34176, 39293, 44944, 61057, 66483, 68029, 32310, 25298, 60299, 65145, 41231, 35608, 56462, 0 |];
lower_b = 194030;
upper_b = 4599309;
