n = 44;
m = 6;
q = 100;
d = [0, 8, 24, 9, 19, 9, 18, 9, 14, 3, 14, 8, 8, 13, 18, 4, 24, 14, 8, 18, 13, 2, 9, 18, 3, 24, 8, 24, 14, 13, 24, 23, 9, 13, 14, 14, 18, 24, 4, 8, 13, 4, 14, 18];
c = [| 0.0, 88.52683209061533, 21.02379604162864, 33.24154027718932, 20.615528128088304, 53.25410782277739, 32.202484376209235, 30.265491900843113, 14.866068747318506, 40.11234224026316, 58.008620049092706, 64.19501538281614, 34.40930106817051, 67.26812023536856, 41.7612260356422, 22.80350850198276, 88.25531145489205, 29.154759474226502, 99.08582138732059, 29.410882339705484, 80.26207074328447, 69.28924880528002, 30.083217912982647, 56.85068161420758, 42.15447781671598, 39.20459156782532, 49.8196748283246, 34.40930106817051, 26.90724809414742, 51.0, 60.802960454241045, 9.433981132056603, 78.43468620451031, 45.12205669071391, 29.614185789921695, 89.27485648266257, 36.124783736376884, 73.824115301167, 44.04543109109048, 37.16180835212409, 56.4003546088143, 31.78049716414141, 84.48076704197234, 59.464274989274024 | 88.52683209061533, 0.0, 75.0, 55.31726674375732, 72.40165743959182, 97.16480844420988, 56.568542494923804, 110.63905277974861, 91.26883367283708, 61.741396161732524, 65.00769185258002, 61.204574992397426, 55.47071299343465, 72.0, 75.61084578286372, 89.89438247187641, 43.266615305567875, 61.29437168288782, 14.035668847618199, 81.15417426109393, 26.92582403567252, 90.19977827023745, 63.00793600809346, 33.54101966249684, 84.40379138403677, 49.49747468305833, 57.87054518492115, 91.4166286842826, 95.2732911156112, 40.8166632639171, 31.622776601683793, 87.41853350405736, 93.2148056909416, 77.46612162745726, 67.08203932499369, 1.0, 63.52952069707436, 78.26237921249263, 64.8459713474939, 56.79788728465171, 32.64965543462902, 74.70609078247904, 79.05694150420949, 40.26164427839479 | 21.02379604162864, 75.0, 0.0, 24.186773244895647, 26.40075756488817, 68.01470429252781, 20.615528128088304, 51.24451190127583, 33.83784863137726, 19.4164878389476, 62.297672508690084, 66.94027188471824, 29.017236257093817, 46.57252408878007, 21.95449840010015, 39.824615503479755, 84.48076704197234, 26.68332812825267, 87.13208364316786, 41.72529209005013, 72.80109889280519, 79.88116173416608, 12.041594578792296, 47.43416490252569, 54.48853090330111, 26.92582403567252, 51.419840528729765, 50.21951811795888, 45.18849411078001, 34.655446902326915, 52.20153254455275, 27.51363298439521, 88.50988645343524, 54.644304369257, 33.54101966249684, 75.6042326857432, 15.524174696260024, 80.62257748298549, 23.021728866442675, 35.510561809129406, 42.43819034784589, 11.661903789690601, 90.13878188659973, 40.8166632639171 | 33.24154027718932, 55.31726674375732, 24.186773244895647, 0.0, 19.235384061671343, 57.9396237474839, 4.47213595499958, 57.245087125446844, 37.33630940518894, 25.612496949731394, 41.88078318274385, 45.18849411078001, 6.4031242374328485, 55.31726674375732, 38.48376280978771, 38.3275357934736, 60.29925372672534, 9.219544457292887, 65.94694837519019, 33.37663853655727, 49.040799340956916, 63.7808748764079, 15.811388300841896, 24.186773244895647, 43.08131845707603, 7.0710678118654755, 30.01666203960727, 44.28317965096906, 44.28317965096906, 21.02379604162864, 28.635642126552707, 32.64965543462902, 71.42128534267638, 39.96248240537617, 18.973665961010276, 56.08029957123981, 23.323807579381203, 61.032778078668514, 32.01562118716424, 14.212670403551895, 23.706539182259394, 30.805843601498726, 69.35416353759881, 32.14031735997639 | 20.615528128088304, 72.40165743959182, 26.40075756488817, 19.235384061671343, 0.0, 42.43819034784589, 21.02379604162864, 38.48376280978771, 18.867962264113206, 38.91015291668744, 38.2099463490856, 44.0, 17.0, 69.35416353759881, 47.4236228055175, 19.1049731745428, 67.77905281132217, 11.180339887498949, 81.5659242576212, 16.1245154965971, 60.802960454241045, 53.53503525729669, 26.832815729997478, 39.20459156782532, 28.319604517012593, 26.30589287593181, 29.274562336608895, 26.248809496813376, 25.079872407968907, 40.19950248448356, 42.44997055358225, 15.620499351813308, 62.26556030423239, 28.30194339616981, 9.055385138137417, 73.24616030891995, 35.35533905932738, 55.362442142665635, 44.77722635447622, 17.204650534085253, 42.37924020083418, 37.48332962798263, 65.5133574166368, 51.0 | 53.25410782277739, 97.16480844420988, 68.01470429252781, 57.9396237474839, 42.43819034784589, 0.0, 61.326992425847855, 40.0, 38.948684188300895, 81.12336284942828, 34.0147027033899, 40.311288741492746, 52.49761899362675, 111.64676439557037, 89.64373932405988, 30.528675044947494, 71.56116265125938, 48.84669896727925, 101.24228365658294, 26.40075756488817, 75.27283706623525, 21.840329667841555, 69.1158447825099, 66.0, 14.866068747318506, 64.19501538281614, 39.319206502675, 18.867962264113206, 27.85677655436824, 77.62087348130012, 66.18912297349165, 43.829214001622255, 30.265491900843113, 20.0, 39.0, 98.15294188153507, 77.69813382572325, 34.66987164671943, 87.13208364316786, 46.09772228646444, 75.66372975210778, 79.51100552753688, 45.17742799230607, 89.28605714219886 | 32.202484376209235, 56.568542494923804, 20.615528128088304, 4.47213595499958, 21.02379604162864, 61.326992425847855, 0.0, 57.97413216254298, 38.07886552931954, 21.2602916254693, 46.32493928760188, 49.658836071740545, 10.816653826391969, 51.22499389946279, 34.0147027033899, 40.01249804748511, 64.1248781675256, 12.529964086141668, 67.80117993073571, 36.138621999185304, 52.20153254455275, 67.94115100585212, 11.40175425099138, 26.92582403567252, 46.51881339845203, 7.0710678118654755, 34.48187929913333, 46.87216658103186, 46.010868281309364, 19.6468827043885, 31.622776601683793, 32.89376840679705, 75.69015788066504, 43.829214001622255, 22.360679774997898, 57.28001396647874, 18.867962264113206, 65.45991139621256, 27.65863337187866, 18.601075237738275, 24.20743687382041, 26.476404589747453, 73.824115301167, 30.01666203960727 | 30.265491900843113, 110.63905277974861, 51.24451190127583, 57.245087125446844, 38.48376280978771, 40.0, 57.97413216254298, 0.0, 19.924858845171276, 70.00714249274856, 62.26556030423239, 69.46221994724903, 55.46169849544819, 97.49358953285082, 71.80529228406496, 21.2602916254693, 99.20181449953424, 49.658836071740545, 119.03780911962384, 31.89043743820395, 96.26006440887103, 61.29437168288782, 59.135437767890075, 77.17512552629896, 37.69615364994153, 64.19501538281614, 59.54829972383762, 26.0, 17.204650534085253, 77.62087348130012, 79.88116173416608, 25.317977802344327, 70.11419257183242, 44.721359549995796, 43.829214001622255, 111.50784725749125, 66.007575322837, 71.56814934033156, 74.24284477308234, 54.08326913195984, 80.77747210701756, 61.98386886924694, 82.71033792700887, 87.47571091451616 | 14.866068747318506, 91.26883367283708, 33.83784863137726, 37.33630940518894, 18.867962264113206, 38.948684188300895, 38.07886552931954, 19.924858845171276, 0.0, 51.478150704935004, 49.47726750741192, 56.32051136131489, 35.84689665786984, 80.36168241145776, 55.54277630799526, 8.54400374531753, 83.72574275573791, 30.01666203960727, 100.26464980241042, 18.110770276274835, 78.64477096412705, 56.515484603779164, 40.049968789001575, 58.008620049092706, 29.427877939124322, 44.27188724235731, 43.829214001622255, 20.12461179749811, 12.041594578792296, 57.723478758647246, 61.07372593840988, 6.324555320336759, 65.73431371817918, 34.0147027033899, 25.495097567963924, 92.11405973031478, 47.51841748206689, 63.0, 56.293871780150276, 35.38361202590826, 60.92618484691127, 45.31004303683677, 74.02702209328699, 67.7421582177598 | 40.11234224026316, 61.741396161732524, 19.4164878389476, 25.612496949731394, 38.91015291668744, 81.12336284942828, 21.2602916254693, 70.00714249274856, 51.478150704935004, 0.0, 67.42403132415029, 70.32780389006896, 32.01562118716424, 30.528675044947494, 15.0, 56.04462507680822, 80.62257748298549, 33.301651610693426, 75.02666192761077, 55.00909015790027, 66.007575322837, 89.10667763978185, 12.083045973594572, 41.19465984809196, 66.57326790837296, 22.847319317591726, 55.47071299343465, 65.0, 61.84658438426491, 21.587033144922902, 46.17358552246078, 45.27692569068709, 96.93812459502195, 64.66065264130884, 42.80186911806539, 62.16912416947821, 4.0, 86.6083136886985, 6.4031242374328485, 39.824615503479755, 31.400636936215164, 13.45362404707371, 94.66784036831093, 23.345235059857504 | 58.008620049092706, 65.00769185258002, 62.297672508690084, 41.88078318274385, 38.2099463490856, 34.0147027033899, 46.32493928760188, 62.26556030423239, 49.47726750741192, 67.42403132415029, 0.0, 7.211102550927978, 35.510561809129406, 96.26006440887103, 80.1311425102625, 42.720018726587654, 38.28837943815329, 35.84689665786984, 67.68308503607086, 31.622776601683793, 41.48493702538308, 25.96150997149434, 57.30619512757761, 37.69615364994153, 25.495097567963924, 45.34313619501854, 12.041594578792296, 36.61966684720111, 45.17742799230607, 55.60575509783138, 36.138621999185304, 50.35871324805669, 31.38470965295043, 17.804493814764857, 29.427877939124322, 66.007575322837, 65.19202405202648, 19.209372712298546, 73.81734213584231, 27.784887978899608, 50.11985634456667, 71.58910531638176, 27.85677655436824, 66.85057965343307 | 64.19501538281614, 61.204574992397426, 66.94027188471824, 45.18849411078001, 44.0, 40.311288741492746, 49.658836071740545, 69.46221994724903, 56.32051136131489, 70.32780389006896, 7.211102550927978, 0.0, 39.0, 98.2344135219425, 83.6719785830358, 49.76946855251722, 31.400636936215164, 40.26164427839479, 62.64982043070834, 38.62641583165593, 36.345563690772494, 29.017236257093817, 60.92618484691127, 36.89173349139343, 32.64965543462902, 47.70744176750625, 15.524174696260024, 43.829214001622255, 52.354560450833695, 56.568542494923804, 34.438350715445125, 56.88585061331157, 32.57299494980466, 25.0, 35.014282800023196, 62.20128616033595, 68.42514157822401, 18.35755975068582, 76.66159403508382, 31.622776601683793, 50.0, 75.61084578286372, 24.413111231467404, 67.35725647619564 | 34.40930106817051, 55.47071299343465, 29.017236257093817, 6.4031242374328485, 17.0, 52.49761899362675, 10.816653826391969, 55.46169849544819, 35.84689665786984, 32.01562118716424, 35.510561809129406, 39.0, 0.0, 61.61980201201558, 44.721359549995796, 35.4400902933387, 55.90169943749474, 5.830951894845301, 65.06919393998976, 29.0, 46.06517122512408, 57.48912940721924, 21.93171219946131, 22.627416997969522, 37.64306044943742, 11.704699910719626, 23.706539182259394, 40.0, 41.23105625617661, 25.317977802344327, 26.40075756488817, 32.01562118716424, 65.05382386916237, 34.0, 14.035668847618199, 56.302753041036986, 29.68164415931166, 54.644304369257, 38.41874542459709, 7.810249675906654, 25.709920264364882, 36.68787265568828, 63.06346010171025, 36.87817782917155 | 67.26812023536856, 72.0, 46.57252408878007, 55.31726674375732, 69.35416353759881, 111.64676439557037, 51.22499389946279, 97.49358953285082, 80.36168241145776, 30.528675044947494, 96.26006440887103, 98.2344135219425, 61.61980201201558, 0.0, 26.019223662515376, 85.7962703152066, 102.52804494381037, 63.60031446463138, 86.00581375697809, 85.47514258543241, 85.72630868059116, 119.09659944767525, 42.5440947723653, 64.41273166075166, 97.09788875150684, 50.93132631298737, 84.21995013059554, 95.2732911156112, 91.4166286842826, 42.5440947723653, 68.87670143089025, 74.04052944165107, 126.62148316932637, 95.0, 73.23933369440222, 72.00694410957877, 34.0, 115.43396380615195, 24.596747752497688, 69.35416353759881, 51.478150704935004, 35.510561809129406, 122.61321299109652, 34.48187929913333 | 41.7612260356422, 75.61084578286372, 21.95449840010015, 38.48376280978771, 47.4236228055175, 89.64373932405988, 34.0147027033899, 71.80529228406496, 55.54277630799526, 15.0, 80.1311425102625, 83.6719785830358, 44.721359549995796, 26.019223662515376, 0.0, 61.773780845922005, 95.524865872714, 44.654227123532216, 89.1852005660132, 63.25345840347388, 81.00617260431454, 100.12492197250393, 22.825424421026653, 56.142675390472796, 75.7429864739964, 37.107950630558946, 68.42514157822401, 72.11102550927978, 67.08203932499369, 36.345563690772494, 61.1310068623117, 49.24428900898052, 108.40664186294121, 75.07329751649384, 53.2634959423431, 75.96051605933177, 15.524174696260024, 99.12618221237011, 10.770329614269007, 52.354560450833695, 46.2709412050371, 10.295630140987, 107.78218776773832, 35.77708763999664 | 22.80350850198276, 89.89438247187641, 39.824615503479755, 38.3275357934736, 19.1049731745428, 30.528675044947494, 40.01249804748511, 21.2602916254693, 8.54400374531753, 56.04462507680822, 42.720018726587654, 49.76946855251722, 35.4400902933387, 85.7962703152066, 61.773780845922005, 0.0, 78.49203781276162, 29.832867780352597, 97.9081201943945, 11.180339887498949, 75.0066663703967, 48.05205510693585, 44.14748010928823, 56.356011214421486, 21.095023109728988, 45.39823785126467, 38.600518131237564, 11.661903789690601, 6.0, 59.30430001273095, 58.83026432033091, 13.45362404707371, 57.271284253105414, 26.30589287593181, 22.825424421026653, 90.78546139112804, 52.20153254455275, 55.08175741568164, 61.35144660071187, 33.12099032335839, 61.1310068623117, 51.478150704935004, 66.18912297349165, 70.02856560004639 | 88.25531145489205, 43.266615305567875, 84.48076704197234, 60.29925372672534, 67.77905281132217, 71.56116265125938, 64.1248781675256, 99.20181449953424, 83.72574275573791, 80.62257748298549, 38.28837943815329, 31.400636936215164, 55.90169943749474, 102.52804494381037, 95.524865872714, 78.49203781276162, 0.0, 59.90826320300064, 38.3275357934736, 67.42403132415029, 17.804493814764857, 56.92099788303083, 75.0066663703967, 39.45883931389772, 63.655321851358195, 59.00847396772772, 39.96248240537617, 74.33034373659252, 82.00609733428362, 60.876925020897694, 34.52535300326414, 82.76472678623425, 56.71860364994893, 55.86591089385369, 59.09314681077663, 44.10215414239989, 80.22468448052632, 42.20189569201838, 86.14522621712709, 51.24451190127583, 51.24451190127583, 90.00555538409837, 39.01281840626232, 68.15423684555495 | 29.154759474226502, 61.29437168288782, 26.68332812825267, 9.219544457292887, 11.180339887498949, 48.84669896727925, 12.529964086141668, 49.658836071740545, 30.01666203960727, 33.301651610693426, 35.84689665786984, 40.26164427839479, 5.830951894845301, 63.60031446463138, 44.654227123532216, 29.832867780352597, 59.90826320300064, 0.0, 70.76722405181653, 24.186773244895647, 51.10772935672255, 55.86591089385369, 22.02271554554524, 28.319604517012593, 34.0147027033899, 16.0312195418814, 24.73863375370596, 35.12833614050059, 35.6931365951495, 30.01666203960727, 31.89043743820395, 26.248809496813376, 63.89053137985315, 31.400636936215164, 9.848857801796104, 62.12889826803627, 30.4138126514911, 54.589376255824725, 39.6232255123179, 9.0, 31.32091952673165, 35.77708763999664, 63.694583757176716, 41.30375285612676 | 99.08582138732059, 14.035668847618199, 87.13208364316786, 65.94694837519019, 81.5659242576212, 101.24228365658294, 67.80117993073571, 119.03780911962384, 100.26464980241042, 75.02666192761077, 67.68308503607086, 62.64982043070834, 65.06919393998976, 86.00581375697809, 89.1852005660132, 97.9081201943945, 38.3275357934736, 70.76722405181653, 0.0, 88.32326986700618, 26.30589287593181, 91.35097153287424, 75.29276193632427, 42.44997055358225, 89.69392398596462, 60.802960454241045, 62.76941930590086, 97.94896630388705, 102.9271587094485, 53.71219600798314, 39.20459156782532, 97.0, 93.00537618869137, 82.28000972289685, 75.21303078589507, 14.0, 76.55716818169282, 78.0, 78.44743462982075, 65.0, 44.77722635447622, 87.72684879784524, 76.79192665899195, 54.12947441089743 | 29.410882339705484, 81.15417426109393, 41.72529209005013, 33.37663853655727, 16.1245154965971, 26.40075756488817, 36.138621999185304, 31.89043743820395, 18.110770276274835, 55.00909015790027, 31.622776601683793, 38.62641583165593, 29.0, 85.47514258543241, 63.25345840347388, 11.180339887498949, 67.42403132415029, 24.186773244895647, 88.32326986700618, 0.0, 64.66065264130884, 39.92492955535426, 42.941821107167776, 47.75981574503821, 13.038404810405298, 40.19950248448356, 27.65863337187866, 11.0, 14.866068747318506, 54.147945482723536, 49.658836071740545, 20.396078054371138, 49.040799340956916, 16.0312195418814, 15.033296378372908, 82.0792300158816, 51.478150704935004, 45.044422518220834, 60.90155991434045, 24.73863375370596, 54.3323108288245, 53.150729063673246, 56.0, 65.49045732013177 | 80.26207074328447, 26.92582403567252, 72.80109889280519, 49.040799340956916, 60.802960454241045, 75.27283706623525, 52.20153254455275, 96.26006440887103, 78.64477096412705, 66.007575322837, 41.48493702538308, 36.345563690772494, 46.06517122512408, 85.72630868059116, 81.00617260431454, 75.0066663703967, 17.804493814764857, 51.10772935672255, 26.30589287593181, 64.66065264130884, 0.0, 65.12296062065974, 62.16912416947821, 25.495097567963924, 64.41273166075166, 46.09772228646444, 37.73592452822641, 73.49829930005184, 79.51100552753688, 45.17742799230607, 20.615528128088304, 76.40026177965623, 67.1863081289633, 56.79788728465171, 53.150729063673246, 27.85677655436824, 66.18912297349165, 52.15361924162119, 71.06335201775947, 43.60045871318328, 35.22782990761707, 76.6550715869472, 52.20153254455275, 51.24451190127583 | 69.28924880528002, 90.19977827023745, 79.88116173416608, 63.7808748764079, 53.53503525729669, 21.840329667841555, 67.94115100585212, 61.29437168288782, 56.515484603779164, 89.10667763978185, 25.96150997149434, 29.017236257093817, 57.48912940721924, 119.09659944767525, 100.12492197250393, 48.05205510693585, 56.92099788303083, 55.86591089385369, 91.35097153287424, 39.92492955535426, 65.12296062065974, 0.0, 77.83315488916018, 63.56886030125127, 27.202941017470888, 68.60029154456998, 36.6742416417845, 37.21558813185679, 47.16990566028302, 80.26207074328447, 62.0966987850401, 60.08327554319921, 9.219544457292887, 25.238858928247925, 46.861498055439924, 91.19758768739445, 86.27861844049197, 15.264337522473747, 95.46203433826454, 49.8196748283246, 75.64390259630977, 90.60353193998566, 24.20743687382041, 91.7877987534291 | 30.083217912982647, 63.00793600809346, 12.041594578792296, 15.811388300841896, 26.832815729997478, 69.1158447825099, 11.40175425099138, 59.135437767890075, 40.049968789001575, 12.083045973594572, 57.30619512757761, 60.92618484691127, 21.93171219946131, 42.5440947723653, 22.825424421026653, 44.14748010928823, 75.0066663703967, 22.02271554554524, 75.29276193632427, 42.941821107167776, 62.16912416947821, 77.83315488916018, 0.0, 36.6742416417845, 54.644304369257, 16.1245154965971, 45.617978911828175, 52.92447448959697, 50.00999900019995, 22.627416997969522, 41.593268686170845, 34.0, 85.9127464349732, 53.075418038862395, 31.144823004794873, 63.60031446463138, 8.602325267042627, 76.32168761236873, 18.027756377319946, 29.5296461204668, 30.528675044947494, 15.132745950421556, 84.970583144992, 29.546573405388315 | 56.85068161420758, 33.54101966249684, 47.43416490252569, 24.186773244895647, 39.20459156782532, 66.0, 26.92582403567252, 77.17512552629896, 58.008620049092706, 41.19465984809196, 37.69615364994153, 36.89173349139343, 22.627416997969522, 64.41273166075166, 56.142675390472796, 56.356011214421486, 39.45883931389772, 28.319604517012593, 42.44997055358225, 47.75981574503821, 25.495097567963924, 63.56886030125127, 36.6742416417845, 0.0, 52.23983154643591, 20.615528128088304, 27.459060435491963, 58.240879114244144, 61.741396161732524, 21.93171219946131, 5.0, 54.56189146281496, 68.87670143089025, 46.0, 33.54101966249684, 34.438350715445125, 41.0, 55.226805085936306, 46.69047011971501, 23.259406699226016, 13.45362404707371, 51.24451190127583, 60.207972893961475, 31.240998703626616 | 42.15447781671598, 84.40379138403677, 54.48853090330111, 43.08131845707603, 28.319604517012593, 14.866068747318506, 46.51881339845203, 37.69615364994153, 29.427877939124322, 66.57326790837296, 25.495097567963924, 32.64965543462902, 37.64306044943742, 97.09788875150684, 75.7429864739964, 21.095023109728988, 63.655321851358195, 34.0147027033899, 89.69392398596462, 13.038404810405298, 64.41273166075166, 27.202941017470888, 54.644304369257, 52.23983154643591, 0.0, 49.33558553417604, 26.92582403567252, 11.704699910719626, 21.37755832643195, 62.81719509815764, 52.952809179494906, 32.89376840679705, 36.40054944640259, 7.810249675906654, 24.166091947189145, 85.37564055396598, 63.245553203367585, 34.36568055487916, 72.67048919609665, 31.400636936215164, 61.204574992397426, 65.76473218982953, 45.5411901469428, 74.46475676452586 | 39.20459156782532, 49.49747468305833, 26.92582403567252, 7.0710678118654755, 26.30589287593181, 64.19501538281614, 7.0710678118654755, 64.19501538281614, 44.27188724235731, 22.847319317591726, 45.34313619501854, 47.70744176750625, 11.704699910719626, 50.93132631298737, 37.107950630558946, 45.39823785126467, 59.00847396772772, 16.0312195418814, 60.802960454241045, 40.19950248448356, 46.09772228646444, 68.60029154456998, 16.1245154965971, 20.615528128088304, 49.33558553417604, 0.0, 33.301651610693426, 51.15662224971465, 51.35172830587107, 14.0, 25.495097567963924, 39.395431207184416, 75.82216034906945, 45.617978911828175, 25.495097567963924, 50.20956084253277, 21.587033144922902, 64.53681120105021, 29.068883707497267, 18.867962264113206, 17.204650534085253, 31.0, 72.11102550927978, 25.317977802344327 | 49.8196748283246, 57.87054518492115, 51.419840528729765, 30.01666203960727, 29.274562336608895, 39.319206502675, 34.48187929913333, 59.54829972383762, 43.829214001622255, 55.47071299343465, 12.041594578792296, 15.524174696260024, 23.706539182259394, 84.21995013059554, 68.42514157822401, 38.600518131237564, 39.96248240537617, 24.73863375370596, 62.76941930590086, 27.65863337187866, 37.73592452822641, 36.6742416417845, 45.617978911828175, 27.459060435491963, 26.92582403567252, 33.301651610693426, 0.0, 35.805027579936315, 42.44997055358225, 43.829214001622255, 27.0, 43.32435804486894, 43.01162633521314, 19.6468827043885, 20.223748416156685, 58.855755878248644, 53.33854141237835, 31.240998703626616, 61.85466837676846, 16.15549442140351, 39.0, 60.166435825965294, 39.35733730830886, 55.226805085936306 | 34.40930106817051, 91.4166286842826, 50.21951811795888, 44.28317965096906, 26.248809496813376, 18.867962264113206, 46.87216658103186, 26.0, 20.12461179749811, 65.0, 36.61966684720111, 43.829214001622255, 40.0, 95.2732911156112, 72.11102550927978, 11.661903789690601, 74.33034373659252, 35.12833614050059, 97.94896630388705, 11.0, 73.49829930005184, 37.21558813185679, 52.92447448959697, 58.240879114244144, 11.704699910719626, 51.15662224971465, 35.805027579936315, 0.0, 10.0, 65.12296062065974, 59.80802621722272, 25.0, 46.389654018972806, 18.867962264113206, 26.019223662515376, 92.35799911215054, 61.326992425847855, 45.89117562233506, 70.68238818828917, 35.510561809129406, 65.27633568147036, 61.85466837676846, 57.0701322935211, 76.4198926981712 | 26.90724809414742, 95.2732911156112, 45.18849411078001, 44.28317965096906, 25.079872407968907, 27.85677655436824, 46.010868281309364, 17.204650534085253, 12.041594578792296, 61.84658438426491, 45.17742799230607, 52.354560450833695, 41.23105625617661, 91.4166286842826, 67.08203932499369, 6.0, 82.00609733428362, 35.6931365951495, 102.9271587094485, 14.866068747318506, 79.51100552753688, 47.16990566028302, 50.00999900019995, 61.741396161732524, 21.37755832643195, 51.35172830587107, 42.44997055358225, 10.0, 0.0, 65.27633568147036, 64.00781202322104, 18.027756377319946, 56.32051136131489, 27.85677655436824, 28.231188426986208, 96.17692030835673, 57.97413216254298, 55.731499172371095, 67.05221845696084, 38.48376280978771, 66.94027188471824, 56.79788728465171, 66.91038783328041, 76.02631123499285 | 51.0, 40.8166632639171, 34.655446902326915, 21.02379604162864, 40.19950248448356, 77.62087348130012, 19.6468827043885, 77.62087348130012, 57.723478758647246, 21.587033144922902, 55.60575509783138, 56.568542494923804, 25.317977802344327, 42.5440947723653, 36.345563690772494, 59.30430001273095, 60.876925020897694, 30.01666203960727, 53.71219600798314, 54.147945482723536, 45.17742799230607, 80.26207074328447, 22.627416997969522, 21.93171219946131, 62.81719509815764, 14.0, 43.829214001622255, 65.12296062065974, 65.27633568147036, 0.0, 26.570660511172846, 52.49761899362675, 86.83893136145792, 58.52349955359813, 39.319206502675, 41.340053217188775, 22.847319317591726, 74.41102068914255, 26.019223662515376, 31.622776601683793, 10.0, 34.0147027033899, 80.72174428244226, 11.704699910719626 | 60.802960454241045, 31.622776601683793, 52.20153254455275, 28.635642126552707, 42.44997055358225, 66.18912297349165, 31.622776601683793, 79.88116173416608, 61.07372593840988, 46.17358552246078, 36.138621999185304, 34.438350715445125, 26.40075756488817, 68.87670143089025, 61.1310068623117, 58.83026432033091, 34.52535300326414, 31.89043743820395, 39.20459156782532, 49.658836071740545, 20.615528128088304, 62.0966987850401, 41.593268686170845, 5.0, 52.952809179494906, 25.495097567963924, 27.0, 59.80802621722272, 64.00781202322104, 26.570660511172846, 0.0, 57.982756057296896, 66.85057965343307, 46.2709412050371, 36.05551275463989, 32.57299494980466, 46.0, 52.773099207835045, 51.62363799656123, 25.80697580112788, 17.4928556845359, 56.22277118748239, 57.0087712549569, 35.22782990761707 | 9.433981132056603, 87.41853350405736, 27.51363298439521, 32.64965543462902, 15.620499351813308, 43.829214001622255, 32.89376840679705, 25.317977802344327, 6.324555320336759, 45.27692569068709, 50.35871324805669, 56.88585061331157, 32.01562118716424, 74.04052944165107, 49.24428900898052, 13.45362404707371, 82.76472678623425, 26.248809496813376, 97.0, 20.396078054371138, 76.40026177965623, 60.08327554319921, 34.0, 54.56189146281496, 32.89376840679705, 39.395431207184416, 43.32435804486894, 25.0, 18.027756377319946, 52.49761899362675, 57.982756057296896, 0.0, 69.26037828369117, 36.345563690772494, 23.706539182259394, 88.23264701911646, 41.30375285612676, 65.27633568147036, 50.00999900019995, 32.802438933713454, 56.356011214421486, 39.0, 76.10519036176179, 62.16912416947821 | 78.43468620451031, 93.2148056909416, 88.50988645343524, 71.42128534267638, 62.26556030423239, 30.265491900843113, 75.69015788066504, 70.11419257183242, 65.73431371817918, 96.93812459502195, 31.38470965295043, 32.57299494980466, 65.05382386916237, 126.62148316932637, 108.40664186294121, 57.271284253105414, 56.71860364994893, 63.89053137985315, 93.00537618869137, 49.040799340956916, 67.1863081289633, 9.219544457292887, 85.9127464349732, 68.87670143089025, 36.40054944640259, 75.82216034906945, 43.01162633521314, 46.389654018972806, 56.32051136131489, 86.83893136145792, 66.85057965343307, 69.26037828369117, 0.0, 34.0, 55.21775076911409, 94.2019108086455, 94.26027795418386, 15.033296378372908, 103.32473082471591, 57.28001396647874, 81.49233092751734, 99.04544411531506, 19.72308292331602, 98.18350166906862 | 45.12205669071391, 77.46612162745726, 54.644304369257, 39.96248240537617, 28.30194339616981, 20.0, 43.829214001622255, 44.721359549995796, 34.0147027033899, 64.66065264130884, 17.804493814764857, 25.0, 34.0, 95.0, 75.07329751649384, 26.30589287593181, 55.86591089385369, 31.400636936215164, 82.28000972289685, 16.0312195418814, 56.79788728465171, 25.238858928247925, 53.075418038862395, 46.0, 7.810249675906654, 45.617978911828175, 19.6468827043885, 18.867962264113206, 27.85677655436824, 58.52349955359813, 46.2709412050371, 36.345563690772494, 34.0, 0.0, 21.93171219946131, 78.44743462982075, 61.61980201201558, 29.017236257093817, 70.9365914038728, 26.92582403567252, 55.90169943749474, 65.43699259593154, 40.01249804748511, 70.22819946431775 | 29.614185789921695, 67.08203932499369, 33.54101966249684, 18.973665961010276, 9.055385138137417, 39.0, 22.360679774997898, 43.829214001622255, 25.495097567963924, 42.80186911806539, 29.427877939124322, 35.014282800023196, 14.035668847618199, 73.23933369440222, 53.2634959423431, 22.825424421026653, 59.09314681077663, 9.848857801796104, 75.21303078589507, 15.033296378372908, 53.150729063673246, 46.861498055439924, 31.144823004794873, 33.54101966249684, 24.166091947189145, 25.495097567963924, 20.223748416156685, 26.019223662515376, 28.231188426986208, 39.319206502675, 36.05551275463989, 23.706539182259394, 55.21775076911409, 21.93171219946131, 0.0, 67.97793759742936, 39.698866482558415, 47.16990566028302, 49.040799340956916, 10.295630140987, 39.319206502675, 43.829214001622255, 57.0087712549569, 50.80354318352215 | 89.27485648266257, 1.0, 75.6042326857432, 56.08029957123981, 73.24616030891995, 98.15294188153507, 57.28001396647874, 111.50784725749125, 92.11405973031478, 62.16912416947821, 66.007575322837, 62.20128616033595, 56.302753041036986, 72.00694410957877, 75.96051605933177, 90.78546139112804, 44.10215414239989, 62.12889826803627, 14.0, 82.0792300158816, 27.85677655436824, 91.19758768739445, 63.60031446463138, 34.438350715445125, 85.37564055396598, 50.20956084253277, 58.855755878248644, 92.35799911215054, 96.17692030835673, 41.340053217188775, 32.57299494980466, 88.23264701911646, 94.2019108086455, 78.44743462982075, 67.97793759742936, 0.0, 64.00781202322104, 79.2464510246358, 65.19202405202648, 57.697486947006624, 33.301651610693426, 75.17978451685, 80.00624975587844, 40.52159917870962 | 36.124783736376884, 63.52952069707436, 15.524174696260024, 23.323807579381203, 35.35533905932738, 77.69813382572325, 18.867962264113206, 66.007575322837, 47.51841748206689, 4.0, 65.19202405202648, 68.42514157822401, 29.68164415931166, 34.0, 15.524174696260024, 52.20153254455275, 80.22468448052632, 30.4138126514911, 76.55716818169282, 51.478150704935004, 66.18912297349165, 86.27861844049197, 8.602325267042627, 41.0, 63.245553203367585, 21.587033144922902, 53.33854141237835, 61.326992425847855, 57.97413216254298, 22.847319317591726, 46.0, 41.30375285612676, 94.26027795418386, 61.61980201201558, 39.698866482558415, 64.00781202322104, 0.0, 84.31488599292535, 9.433981132056603, 37.44329045369811, 32.28002478313795, 11.180339887498949, 92.66067126888301, 26.248809496813376 | 73.824115301167, 78.26237921249263, 80.62257748298549, 61.032778078668514, 55.362442142665635, 34.66987164671943, 65.45991139621256, 71.56814934033156, 63.0, 86.6083136886985, 19.209372712298546, 18.35755975068582, 54.644304369257, 115.43396380615195, 99.12618221237011, 55.08175741568164, 42.20189569201838, 54.589376255824725, 78.0, 45.044422518220834, 52.15361924162119, 15.264337522473747, 76.32168761236873, 55.226805085936306, 34.36568055487916, 64.53681120105021, 31.240998703626616, 45.89117562233506, 55.731499172371095, 74.41102068914255, 52.773099207835045, 65.27633568147036, 15.033296378372908, 29.017236257093817, 47.16990566028302, 79.2464510246358, 84.31488599292535, 0.0, 93.00537618869137, 46.87216658103186, 68.24221567329127, 90.35485598461214, 11.180339887498949, 85.42833253669417 | 44.04543109109048, 64.8459713474939, 23.021728866442675, 32.01562118716424, 44.77722635447622, 87.13208364316786, 27.65863337187866, 74.24284477308234, 56.293871780150276, 6.4031242374328485, 73.81734213584231, 76.66159403508382, 38.41874542459709, 24.596747752497688, 10.770329614269007, 61.35144660071187, 86.14522621712709, 39.6232255123179, 78.44743462982075, 60.90155991434045, 71.06335201775947, 95.46203433826454, 18.027756377319946, 46.69047011971501, 72.67048919609665, 29.068883707497267, 61.85466837676846, 70.68238818828917, 67.05221845696084, 26.019223662515376, 51.62363799656123, 50.00999900019995, 103.32473082471591, 70.9365914038728, 49.040799340956916, 65.19202405202648, 9.433981132056603, 93.00537618869137, 0.0, 46.22769732530488, 36.013886210738214, 13.92838827718412, 101.01980003939822, 25.059928172283335 | 37.16180835212409, 56.79788728465171, 35.510561809129406, 14.212670403551895, 17.204650534085253, 46.09772228646444, 18.601075237738275, 54.08326913195984, 35.38361202590826, 39.824615503479755, 27.784887978899608, 31.622776601683793, 7.810249675906654, 69.35416353759881, 52.354560450833695, 33.12099032335839, 51.24451190127583, 9.0, 65.0, 24.73863375370596, 43.60045871318328, 49.8196748283246, 29.5296461204668, 23.259406699226016, 31.400636936215164, 18.867962264113206, 16.15549442140351, 35.510561809129406, 38.48376280978771, 31.622776601683793, 25.80697580112788, 32.802438933713454, 57.28001396647874, 26.92582403567252, 10.295630140987, 57.697486947006624, 37.44329045369811, 46.87216658103186, 46.22769732530488, 0.0, 30.0, 44.01136216933077, 55.46169849544819, 43.32435804486894 | 56.4003546088143, 32.64965543462902, 42.43819034784589, 23.706539182259394, 42.37924020083418, 75.66372975210778, 24.20743687382041, 80.77747210701756, 60.92618484691127, 31.400636936215164, 50.11985634456667, 50.0, 25.709920264364882, 51.478150704935004, 46.2709412050371, 61.1310068623117, 51.24451190127583, 31.32091952673165, 44.77722635447622, 54.3323108288245, 35.22782990761707, 75.64390259630977, 30.528675044947494, 13.45362404707371, 61.204574992397426, 17.204650534085253, 39.0, 65.27633568147036, 66.94027188471824, 10.0, 17.4928556845359, 56.356011214421486, 81.49233092751734, 55.90169943749474, 39.319206502675, 33.301651610693426, 32.28002478313795, 68.24221567329127, 36.013886210738214, 30.0, 0.0, 43.32435804486894, 73.59347797189639, 17.804493814764857 | 31.78049716414141, 74.70609078247904, 11.661903789690601, 30.805843601498726, 37.48332962798263, 79.51100552753688, 26.476404589747453, 61.98386886924694, 45.31004303683677, 13.45362404707371, 71.58910531638176, 75.61084578286372, 36.68787265568828, 35.510561809129406, 10.295630140987, 51.478150704935004, 90.00555538409837, 35.77708763999664, 87.72684879784524, 53.150729063673246, 76.6550715869472, 90.60353193998566, 15.132745950421556, 51.24451190127583, 65.76473218982953, 31.0, 60.166435825965294, 61.85466837676846, 56.79788728465171, 34.0147027033899, 56.22277118748239, 39.0, 99.04544411531506, 65.43699259593154, 43.829214001622255, 75.17978451685, 11.180339887498949, 90.35485598461214, 13.92838827718412, 44.01136216933077, 43.32435804486894, 0.0, 99.40321926376429, 36.796738985948195 | 84.48076704197234, 79.05694150420949, 90.13878188659973, 69.35416353759881, 65.5133574166368, 45.17742799230607, 73.824115301167, 82.71033792700887, 74.02702209328699, 94.66784036831093, 27.85677655436824, 24.413111231467404, 63.06346010171025, 122.61321299109652, 107.78218776773832, 66.18912297349165, 39.01281840626232, 63.694583757176716, 76.79192665899195, 56.0, 52.20153254455275, 24.20743687382041, 84.970583144992, 60.207972893961475, 45.5411901469428, 72.11102550927978, 39.35733730830886, 57.0701322935211, 66.91038783328041, 80.72174428244226, 57.0087712549569, 76.10519036176179, 19.72308292331602, 40.01249804748511, 57.0087712549569, 80.00624975587844, 92.66067126888301, 11.180339887498949, 101.01980003939822, 55.46169849544819, 73.59347797189639, 99.40321926376429, 0.0, 91.21951545584969 | 59.464274989274024, 40.26164427839479, 40.8166632639171, 32.14031735997639, 51.0, 89.28605714219886, 30.01666203960727, 87.47571091451616, 67.7421582177598, 23.345235059857504, 66.85057965343307, 67.35725647619564, 36.87817782917155, 34.48187929913333, 35.77708763999664, 70.02856560004639, 68.15423684555495, 41.30375285612676, 54.12947441089743, 65.49045732013177, 51.24451190127583, 91.7877987534291, 29.546573405388315, 31.240998703626616, 74.46475676452586, 25.317977802344327, 55.226805085936306, 76.4198926981712, 76.02631123499285, 11.704699910719626, 35.22782990761707, 62.16912416947821, 98.18350166906862, 70.22819946431775, 50.80354318352215, 40.52159917870962, 26.248809496813376, 85.42833253669417, 25.059928172283335, 43.32435804486894, 17.804493814764857, 36.796738985948195, 91.21951545584969, 0.0 |];
