n = 44;
m = 6;
q = 100;
d = [19, 2, 12, 20, 6, 17, 8, 14, 2, 8, 5, 7, 22, 14, 17, 23, 15, 21, 2, 24, 10, 20, 6, 21, 10, 6, 13, 21, 24, 11, 16, 8, 11, 11, 22, 17, 22, 17, 8, 23, 5, 3, 18, 12, 0, 0, 0, 0, 0, 0, 0, 0, 0, 0, 0, 0];
c = [| 0, 50219, 79649, 86145, 86278, 12083, 40718, 94339, 38013, 83186, 51000, 70213, 54083, 14142, 56515, 85842, 55901, 48754, 54230, 64637, 98081, 64280, 29427, 25079, 56435, 24083, 34234, 37696, 29410, 58549, 34481, 46957, 105118, 42296, 14560, 87555, 33241, 34205, 88232, 56035, 99126, 79006, 42190, 9433, 20880, 20880, 20880, 20880, 20880, 20880, 20880, 20880, 20880, 20880, 20880, 20880 | 50219, 0, 73006, 56400, 92962, 60959, 46173, 88102, 28160, 74686, 89894, 22090, 59135, 41785, 21260, 60141, 80603, 75690, 94894, 67082, 97498, 41880, 26832, 72835, 8062, 53235, 73061, 43416, 58180, 99849, 51156, 50009, 99297, 84599, 47434, 44721, 78873, 20099, 43046, 95257, 91301, 47201, 67720, 59033, 31144, 31144, 31144, 31144, 31144, 31144, 31144, 31144, 31144, 31144, 31144, 31144 | 79649, 73006, 0, 36674, 26000, 79711, 39115, 15620, 50447, 4000, 71196, 69354, 26248, 85603, 53160, 30016, 46572, 49365, 76687, 17029, 24738, 32557, 59413, 81394, 69260, 57584, 66121, 42438, 54817, 80523, 106962, 32756, 27018, 75106, 90443, 60876, 79227, 81400, 66490, 74215, 19849, 40024, 48041, 80777, 66603, 66603, 66603, 66603, 66603, 66603, 66603, 66603, 66603, 66603, 66603, 66603 | 86145, 56400, 36674, 0, 62649, 91197, 50447, 45398, 48373, 35114, 97529, 42720, 48020, 86122, 35846, 7071, 75802, 75802, 103353, 45967, 57870, 22022, 57870, 97672, 49578, 71196, 86977, 51788, 71568, 107912, 103247, 46818, 54009, 98234, 91983, 26019, 98762, 72449, 32062, 101710, 46010, 9219, 71112, 91049, 66910, 66910, 66910, 66910, 66910, 66910, 66910, 66910, 66910, 66910, 66910, 66910 | 86278, 92962, 26000, 62649, 0, 82619, 50537, 23323, 66730, 27784, 61000, 93048, 35341, 95603, 75166, 55901, 37000, 42953, 65490, 25961, 16000, 56142, 73824, 80131, 90669, 62225, 62609, 54120, 57384, 68117, 118004, 44777, 27166, 68007, 99357, 86683, 75239, 97169, 92179, 62289, 27313, 65802, 46043, 84504, 78892, 78892, 78892, 78892, 78892, 78892, 78892, 78892, 78892, 78892, 78892, 78892 | 12083, 60959, 79711, 91197, 82619, 0, 42426, 93520, 44643, 83486, 40311, 79924, 53488, 25961, 64621, 90005, 49203, 42011, 43000, 63560, 95718, 69180, 37576, 13000, 66610, 22135, 24698, 40112, 25553, 47095, 44283, 48052, 103768, 31000, 25019, 95519, 21377, 46043, 96772, 45099, 98488, 84852, 36796, 3000, 30232, 30232, 30232, 30232, 30232, 30232, 30232, 30232, 30232, 30232, 30232, 30232 | 40718, 46173, 39115, 50447, 50537, 42426, 0, 54203, 18027, 42544, 50249, 54589, 15264, 46754, 34985, 48259, 35114, 31384, 55973, 25612, 59548, 29154, 23409, 47381, 46572, 21023, 37121, 3605, 21189, 60876, 68622, 6403, 65299, 48877, 51400, 61220, 48383, 46818, 64381, 55154, 58821, 45694, 24207, 42953, 28600, 28600, 28600, 28600, 28600, 28600, 28600, 28600, 28600, 28600, 28600, 28600 | 94339, 88102, 15620, 45398, 23323, 93520, 54203, 0, 66068, 13416, 80006, 82764, 40311, 100895, 67779, 38327, 55000, 59304, 85094, 29966, 12649, 46818, 75006, 93962, 83934, 71554, 77665, 57628, 68154, 88362, 122429, 47801, 11401, 85375, 105603, 71175, 90801, 97005, 77103, 82219, 5099, 51009, 59665, 94810, 82073, 82073, 82073, 82073, 82073, 82073, 82073, 82073, 82073, 82073, 82073, 82073 | 38013, 28160, 50447, 48373, 66730, 44643, 18027, 66068, 0, 53075, 64404, 39051, 31780, 38275, 20808, 48764, 52630, 48104, 69814, 40853, 73573, 26925, 9848, 53665, 29154, 29068, 48795, 15297, 32649, 74813, 57688, 22360, 77466, 60811, 43965, 51078, 57428, 31064, 52839, 69634, 70092, 41000, 40311, 43931, 18681, 18681, 18681, 18681, 18681, 18681, 18681, 18681, 18681, 18681, 18681, 18681 | 83186, 74686, 4000, 35114, 27784, 83486, 42544, 13416, 53075, 0, 75133, 69871, 30083, 88814, 54424, 28231, 50447, 53338, 80603, 21023, 24083, 33526, 62241, 85328, 70576, 61351, 70114, 45793, 58694, 84403, 109986, 36235, 24698, 79101, 93744, 60016, 83216, 83868, 65764, 78102, 17029, 39319, 52038, 84504, 69656, 69656, 69656, 69656, 69656, 69656, 69656, 69656, 69656, 69656, 69656, 69656 | 51000, 89894, 71196, 97529, 61000, 40311, 50249, 80006, 64404, 75133, 0, 103406, 49658, 65030, 84386, 93520, 25019, 22135, 5830, 54817, 76791, 78236, 63063, 29732, 92962, 36674, 17464, 50931, 31906, 10630, 84593, 51613, 87367, 10295, 65122, 111395, 21023, 80777, 114629, 5385, 85000, 94578, 26627, 43289, 60406, 60406, 60406, 60406, 60406, 60406, 60406, 60406, 60406, 60406, 60406, 60406 | 70213, 22090, 69354, 42720, 93048, 79924, 54589, 82764, 39051, 69871, 103406, 0, 63600, 63324, 19697, 48301, 89470, 85959, 108853, 68731, 93904, 37013, 42801, 90801, 14317, 67896, 87783, 53000, 71700, 113850, 73027, 56080, 93145, 99764, 69123, 24166, 95671, 42190, 21377, 108600, 84899, 34000, 78549, 78390, 49739, 49739, 49739, 49739, 49739, 49739, 49739, 49739, 49739, 49739, 49739, 49739 | 54083, 59135, 26248, 48020, 35341, 53488, 15264, 40311, 31780, 30083, 49658, 63600, 0, 61522, 44147, 43863, 28284, 27784, 55461, 10630, 44553, 30610, 38483, 55443, 58137, 31384, 41194, 18867, 28635, 59941, 83630, 9486, 51039, 51419, 65855, 64815, 54037, 61846, 69065, 53712, 45177, 46010, 23769, 54626, 43829, 43829, 43829, 43829, 43829, 43829, 43829, 43829, 43829, 43829, 43829, 43829 | 14142, 41785, 85603, 86122, 95603, 25961, 46754, 100895, 38275, 88814, 65030, 63324, 61522, 0, 53009, 86977, 68007, 61032, 68359, 72124, 106075, 65145, 28460, 38897, 49040, 34928, 48041, 43278, 40853, 72691, 22472, 53150, 112044, 56435, 6000, 83294, 47296, 23021, 83024, 70114, 105422, 78089, 53851, 23086, 19697, 19697, 19697, 19697, 19697, 19697, 19697, 19697, 19697, 19697, 19697, 19697 | 56515, 21260, 53160, 35846, 75166, 64621, 34985, 67779, 20808, 54424, 84386, 19697, 44147, 53009, 0, 39051, 69778, 66370, 89938, 50039, 77884, 21023, 27202, 74303, 16155, 49819, 69354, 33600, 53037, 94921, 68007, 36400, 78790, 81394, 59008, 31048, 78236, 36769, 32202, 89498, 70682, 26832, 59076, 63568, 35693, 35693, 35693, 35693, 35693, 35693, 35693, 35693, 35693, 35693, 35693, 35693 | 85842, 60141, 30016, 7071, 55901, 90005, 48259, 38327, 48764, 28231, 93520, 48301, 43863, 86977, 39051, 0, 71021, 71554, 99317, 40607, 50803, 21840, 58523, 95634, 53814, 69260, 83934, 50039, 69050, 103754, 105118, 43931, 47042, 94868, 92720, 33000, 96104, 74946, 39012, 97493, 39000, 14317, 67416, 90088, 67446, 67446, 67446, 67446, 67446, 67446, 67446, 67446, 67446, 67446, 67446, 67446 | 55901, 80603, 46572, 75802, 37000, 49203, 35114, 55000, 52630, 50447, 25019, 89470, 28284, 68007, 69778, 71021, 0, 7211, 30265, 30870, 52392, 58796, 55145, 44204, 81608, 33241, 26400, 37363, 27202, 33955, 90077, 33615, 62649, 31048, 70263, 92956, 38470, 77103, 97005, 27658, 60008, 74276, 14317, 51613, 56222, 56222, 56222, 56222, 56222, 56222, 56222, 56222, 56222, 56222, 56222, 56222 | 48754, 75690, 49365, 75802, 42953, 42011, 31384, 59304, 48104, 53338, 22135, 85959, 27784, 61032, 66370, 71554, 7211, 0, 27856, 32756, 57870, 57384, 49648, 37443, 77252, 26476, 19723, 33105, 20396, 32202, 83006, 31144, 67683, 26076, 63158, 91219, 32310, 71000, 94921, 25942, 64381, 73409, 8062, 44407, 50009, 50009, 50009, 50009, 50009, 50009, 50009, 50009, 50009, 50009, 50009, 50009 | 54230, 94894, 76687, 103353, 65490, 43000, 55973, 85094, 69814, 80603, 5830, 108853, 55461, 68359, 89938, 99317, 30265, 27856, 0, 60440, 81394, 84053, 68095, 31400, 98183, 41677, 21931, 56568, 37202, 5000, 87143, 57428, 92135, 12000, 68007, 117153, 22360, 85070, 120341, 3605, 90049, 100404, 32449, 46000, 65000, 65000, 65000, 65000, 65000, 65000, 65000, 65000, 65000, 65000, 65000, 65000 | 64637, 67082, 17029, 45967, 25961, 63560, 25612, 29966, 40853, 21023, 54817, 68731, 10630, 72124, 50039, 40607, 30870, 32756, 60440, 0, 33970, 32893, 48373, 64536, 65122, 41593, 49091, 29206, 38275, 64513, 94175, 19416, 40496, 58215, 76485, 66241, 62201, 71554, 71112, 58189, 34928, 46043, 31016, 64845, 54203, 54203, 54203, 54203, 54203, 54203, 54203, 54203, 54203, 54203, 54203, 54203 | 98081, 97498, 24738, 57870, 16000, 95718, 59548, 12649, 73573, 24083, 76791, 93904, 44553, 106075, 77884, 50803, 52392, 57870, 81394, 33970, 0, 57271, 81841, 94429, 93962, 74404, 77252, 63126, 70178, 84095, 128144, 53263, 11401, 83432, 110344, 83486, 90138, 104623, 89358, 78230, 14212, 63071, 59933, 97349, 88090, 88090, 88090, 88090, 88090, 88090, 88090, 88090, 88090, 88090, 88090, 88090 | 64280, 41880, 32557, 22022, 56142, 69180, 29154, 46818, 26925, 33526, 78236, 37013, 30610, 65145, 21023, 21840, 58796, 57384, 84053, 32893, 57271, 0, 36687, 75927, 37161, 49477, 66211, 30083, 50328, 88814, 83648, 26627, 57775, 77826, 70880, 34205, 77491, 54203, 38587, 82800, 49658, 16552, 51613, 69028, 45607, 45607, 45607, 45607, 45607, 45607, 45607, 45607, 45607, 45607, 45607, 45607 | 29427, 26832, 59413, 57870, 73824, 37576, 23409, 75006, 9848, 62241, 63063, 42801, 38483, 28460, 27202, 58523, 55145, 49648, 68095, 48373, 81841, 36687, 0, 48010, 30479, 26419, 46324, 19924, 31384, 73061, 48010, 29068, 86371, 58008, 34205, 58240, 53037, 23409, 59236, 68425, 79195, 50159, 41593, 36400, 9055, 9055, 9055, 9055, 9055, 9055, 9055, 9055, 9055, 9055, 9055, 9055 | 25079, 72835, 81394, 97672, 80131, 13000, 47381, 93962, 53665, 85328, 29732, 90801, 55443, 38897, 74303, 95634, 44204, 37443, 31400, 64536, 94429, 75927, 48010, 0, 77987, 26476, 17804, 45891, 27018, 35057, 56000, 52038, 103464, 19646, 37483, 104694, 9055, 58830, 106470, 33955, 99040, 92179, 34539, 15811, 41725, 41725, 41725, 41725, 41725, 41725, 41725, 41725, 41725, 41725, 41725, 41725 | 56435, 8062, 69260, 49578, 90669, 66610, 46572, 83934, 29154, 70576, 92962, 14317, 58137, 49040, 16155, 53814, 81608, 77252, 98183, 65122, 93962, 37161, 30479, 77987, 0, 56612, 76609, 44271, 61057, 103174, 59211, 49497, 94936, 88408, 54817, 36674, 83450, 28017, 35014, 98270, 86815, 40360, 69462, 64899, 36400, 36400, 36400, 36400, 36400, 36400, 36400, 36400, 36400, 36400, 36400, 36400 | 24083, 53235, 57584, 71196, 62225, 22135, 21023, 71554, 29068, 61351, 36674, 67896, 31384, 34928, 49819, 69260, 33241, 26476, 41677, 41593, 74404, 49477, 26419, 26476, 56612, 0, 20000, 19416, 6082, 46647, 57245, 26172, 81987, 31890, 37735, 79259, 28653, 45276, 81541, 42047, 76485, 65802, 18973, 23259, 24331, 24331, 24331, 24331, 24331, 24331, 24331, 24331, 24331, 24331, 24331, 24331 | 34234, 73061, 66121, 86977, 62609, 24698, 37121, 77665, 48795, 70114, 17464, 87783, 41194, 48041, 69354, 83934, 26400, 19723, 21931, 49091, 77252, 66211, 46324, 17804, 76609, 20000, 0, 36891, 16401, 26832, 68447, 40162, 86683, 12041, 48662, 97908, 13152, 63324, 100603, 22803, 82764, 82764, 18110, 27513, 43081, 43081, 43081, 43081, 43081, 43081, 43081, 43081, 43081, 43081, 43081, 43081 | 37696, 43416, 42438, 51788, 54120, 40112, 3605, 57628, 15297, 45793, 50931, 53000, 18867, 43278, 33600, 50039, 37363, 33105, 56568, 29206, 63126, 30083, 19924, 45891, 44271, 19416, 36891, 0, 20591, 61522, 65069, 9899, 68767, 48826, 48010, 61032, 47539, 43324, 63890, 55973, 62201, 46486, 25553, 40447, 25000, 25000, 25000, 25000, 25000, 25000, 25000, 25000, 25000, 25000, 25000, 25000 | 29410, 58180, 54817, 71568, 57384, 25553, 21189, 68154, 32649, 58694, 31906, 71700, 28635, 40853, 53037, 69050, 27202, 20396, 37202, 38275, 70178, 50328, 31384, 27018, 61057, 6082, 16401, 20591, 0, 42201, 63071, 25179, 78262, 28425, 43416, 81541, 27202, 51156, 84202, 37215, 73164, 66850, 13000, 27202, 30149, 30149, 30149, 30149, 30149, 30149, 30149, 30149, 30149, 30149, 30149, 30149 | 58549, 99849, 80523, 107912, 68117, 47095, 60876, 88362, 74813, 84403, 10630, 113850, 59941, 72691, 94921, 103754, 33955, 32202, 5000, 64513, 84095, 88814, 73061, 35057, 103174, 46647, 26832, 61522, 42201, 0, 91021, 62201, 95005, 16278, 72111, 122024, 26019, 89810, 125255, 6324, 93263, 105118, 37202, 50089, 69856, 69856, 69856, 69856, 69856, 69856, 69856, 69856, 69856, 69856, 69856, 69856 | 34481, 51156, 106962, 103247, 118004, 44283, 68622, 122429, 57688, 109986, 84593, 73027, 83630, 22472, 68007, 105118, 90077, 83006, 87143, 94175, 128144, 83648, 48010, 56000, 59211, 57245, 68447, 65069, 63071, 91021, 0, 74966, 133689, 75166, 19924, 95754, 65007, 31575, 94191, 89358, 126810, 94578, 76059, 41303, 40360, 40360, 40360, 40360, 40360, 40360, 40360, 40360, 40360, 40360, 40360, 40360 | 46957, 50009, 32756, 46818, 44777, 48052, 6403, 47801, 22360, 36235, 51613, 56080, 9486, 53150, 36400, 43931, 33615, 31144, 57428, 19416, 53263, 26627, 29068, 52038, 49497, 26172, 40162, 9899, 25179, 62201, 74966, 0, 58898, 51478, 57801, 60108, 52172, 52392, 63780, 56222, 52430, 43046, 25000, 48764, 34828, 34828, 34828, 34828, 34828, 34828, 34828, 34828, 34828, 34828, 34828, 34828 | 105118, 99297, 27018, 54009, 27166, 103768, 65299, 11401, 77466, 24698, 87367, 93145, 51039, 112044, 78790, 47042, 62649, 67683, 92135, 40496, 11401, 57775, 86371, 103464, 94936, 81987, 86683, 68767, 78262, 95005, 133689, 58898, 0, 93557, 116661, 80024, 99724, 108406, 86052, 89050, 8246, 60530, 68949, 105190, 93348, 93348, 93348, 93348, 93348, 93348, 93348, 93348, 93348, 93348, 93348, 93348 | 42296, 84599, 75106, 98234, 68007, 31000, 48877, 85375, 60811, 79101, 10295, 99764, 51419, 56435, 81394, 94868, 31048, 26076, 12000, 58215, 83432, 77826, 58008, 19646, 88408, 31890, 12041, 48826, 28425, 16278, 75166, 51478, 93557, 0, 56008, 109859, 10770, 73736, 112614, 14317, 90448, 94366, 27658, 34000, 54120, 54120, 54120, 54120, 54120, 54120, 54120, 54120, 54120, 54120, 54120, 54120 | 14560, 47434, 90443, 91983, 99357, 25019, 51400, 105603, 43965, 93744, 65122, 69123, 65855, 6000, 59008, 92720, 70263, 63158, 68007, 76485, 110344, 70880, 34205, 37483, 54817, 37735, 48662, 48010, 43416, 72111, 19924, 57801, 116661, 56008, 0, 89274, 46270, 28178, 88955, 70028, 110208, 84011, 56356, 22022, 25298, 25298, 25298, 25298, 25298, 25298, 25298, 25298, 25298, 25298, 25298, 25298 | 87555, 44721, 60876, 26019, 86683, 95519, 61220, 71175, 51078, 60016, 111395, 24166, 64815, 83294, 31048, 33000, 92956, 91219, 117153, 66241, 83486, 34205, 58240, 104694, 36674, 79259, 97908, 61032, 81541, 122024, 95754, 60108, 80024, 109859, 89274, 0, 107912, 64280, 6082, 116180, 72000, 20880, 84958, 94556, 66708, 66708, 66708, 66708, 66708, 66708, 66708, 66708, 66708, 66708, 66708, 66708 | 33241, 78873, 79227, 98762, 75239, 21377, 48383, 90801, 57428, 83216, 21023, 95671, 54037, 47296, 78236, 96104, 38470, 32310, 22360, 62201, 90138, 77491, 53037, 9055, 83450, 28653, 13152, 47539, 27202, 26019, 65007, 52172, 99724, 10770, 46270, 107912, 0, 66189, 110136, 25000, 95900, 93984, 31256, 24331, 47801, 47801, 47801, 47801, 47801, 47801, 47801, 47801, 47801, 47801, 47801, 47801 | 34205, 20099, 81400, 72449, 97169, 46043, 46818, 97005, 31064, 83868, 80777, 42190, 61846, 23021, 36769, 74946, 77103, 71000, 85070, 71554, 104623, 54203, 23409, 58830, 28017, 45276, 63324, 43324, 51156, 89810, 31575, 52392, 108406, 73736, 28178, 64280, 66189, 0, 63000, 86127, 100895, 63560, 63007, 43600, 21023, 21023, 21023, 21023, 21023, 21023, 21023, 21023, 21023, 21023, 21023, 21023 | 88232, 43046, 66490, 32062, 92179, 96772, 64381, 77103, 52839, 65764, 114629, 21377, 69065, 83024, 32202, 39012, 97005, 94921, 120341, 71112, 89358, 38587, 59236, 106470, 35014, 81541, 100603, 63890, 84202, 125255, 94191, 63780, 86052, 112614, 88955, 6082, 110136, 63000, 0, 119519, 78006, 26476, 88391, 95634, 67357, 67357, 67357, 67357, 67357, 67357, 67357, 67357, 67357, 67357, 67357, 67357 | 56035, 95257, 74215, 101710, 62289, 45099, 55154, 82219, 69634, 78102, 5385, 108600, 53712, 70114, 89498, 97493, 27658, 25942, 3605, 58189, 78230, 82800, 68425, 33955, 98270, 42047, 22803, 55973, 37215, 6324, 89358, 56222, 89050, 14317, 70028, 116180, 25000, 86127, 119519, 0, 87143, 99045, 31240, 48093, 65787, 65787, 65787, 65787, 65787, 65787, 65787, 65787, 65787, 65787, 65787, 65787 | 99126, 91301, 19849, 46010, 27313, 98488, 58821, 5099, 70092, 17029, 85000, 84899, 45177, 105422, 70682, 39000, 60008, 64381, 90049, 34928, 14212, 49658, 79195, 99040, 86815, 76485, 82764, 62201, 73164, 93263, 126810, 52430, 8246, 90448, 110208, 72000, 95900, 100895, 78006, 87143, 0, 52345, 64761, 99744, 86452, 86452, 86452, 86452, 86452, 86452, 86452, 86452, 86452, 86452, 86452, 86452 | 79006, 47201, 40024, 9219, 65802, 84852, 45694, 51009, 41000, 39319, 94578, 34000, 46010, 78089, 26832, 14317, 74276, 73409, 100404, 46043, 63071, 16552, 50159, 92179, 40360, 65802, 82764, 46486, 66850, 105118, 94578, 43046, 60530, 94366, 84011, 20880, 93984, 63560, 26476, 99045, 52345, 0, 67955, 84480, 59211, 59211, 59211, 59211, 59211, 59211, 59211, 59211, 59211, 59211, 59211, 59211 | 42190, 67720, 48041, 71112, 46043, 36796, 24207, 59665, 40311, 52038, 26627, 78549, 23769, 53851, 59076, 67416, 14317, 8062, 32449, 31016, 59933, 51613, 41593, 34539, 69462, 18973, 18110, 25553, 13000, 37202, 76059, 25000, 68949, 27658, 56356, 84958, 31256, 63007, 88391, 31240, 64761, 67955, 0, 38897, 42047, 42047, 42047, 42047, 42047, 42047, 42047, 42047, 42047, 42047, 42047, 42047 | 9433, 59033, 80777, 91049, 84504, 3000, 42953, 94810, 43931, 84504, 43289, 78390, 54626, 23086, 63568, 90088, 51613, 44407, 46000, 64845, 97349, 69028, 36400, 15811, 64899, 23259, 27513, 40447, 27202, 50089, 41303, 48764, 105190, 34000, 22022, 94556, 24331, 43600, 95634, 48093, 99744, 84480, 38897, 0, 28653, 28653, 28653, 28653, 28653, 28653, 28653, 28653, 28653, 28653, 28653, 28653 | 20880, 31144, 66603, 66910, 78892, 30232, 28600, 82073, 18681, 69656, 60406, 49739, 43829, 19697, 35693, 67446, 56222, 50009, 65000, 54203, 88090, 45607, 9055, 41725, 36400, 24331, 43081, 25000, 30149, 69856, 40360, 34828, 93348, 54120, 25298, 66708, 47801, 21023, 67357, 65787, 86452, 59211, 42047, 28653, 0, 0, 0, 0, 0, 0, 0, 0, 0, 0, 0, 0 | 20880, 31144, 66603, 66910, 78892, 30232, 28600, 82073, 18681, 69656, 60406, 49739, 43829, 19697, 35693, 67446, 56222, 50009, 65000, 54203, 88090, 45607, 9055, 41725, 36400, 24331, 43081, 25000, 30149, 69856, 40360, 34828, 93348, 54120, 25298, 66708, 47801, 21023, 67357, 65787, 86452, 59211, 42047, 28653, 0, 0, 0, 0, 0, 0, 0, 0, 0, 0, 0, 0 | 20880, 31144, 66603, 66910, 78892, 30232, 28600, 82073, 18681, 69656, 60406, 49739, 43829, 19697, 35693, 67446, 56222, 50009, 65000, 54203, 88090, 45607, 9055, 41725, 36400, 24331, 43081, 25000, 30149, 69856, 40360, 34828, 93348, 54120, 25298, 66708, 47801, 21023, 67357, 65787, 86452, 59211, 42047, 28653, 0, 0, 0, 0, 0, 0, 0, 0, 0, 0, 0, 0 | 20880, 31144, 66603, 66910, 78892, 30232, 28600, 82073, 18681, 69656, 60406, 49739, 43829, 19697, 35693, 67446, 56222, 50009, 65000, 54203, 88090, 45607, 9055, 41725, 36400, 24331, 43081, 25000, 30149, 69856, 40360, 34828, 93348, 54120, 25298, 66708, 47801, 21023, 67357, 65787, 86452, 59211, 42047, 28653, 0, 0, 0, 0, 0, 0, 0, 0, 0, 0, 0, 0 | 20880, 31144, 66603, 66910, 78892, 30232, 28600, 82073, 18681, 69656, 60406, 49739, 43829, 19697, 35693, 67446, 56222, 50009, 65000, 54203, 88090, 45607, 9055, 41725, 36400, 24331, 43081, 25000, 30149, 69856, 40360, 34828, 93348, 54120, 25298, 66708, 47801, 21023, 67357, 65787, 86452, 59211, 42047, 28653, 0, 0, 0, 0, 0, 0, 0, 0, 0, 0, 0, 0 | 20880, 31144, 66603, 66910, 78892, 30232, 28600, 82073, 18681, 69656, 60406, 49739, 43829, 19697, 35693, 67446, 56222, 50009, 65000, 54203, 88090, 45607, 9055, 41725, 36400, 24331, 43081, 25000, 30149, 69856, 40360, 34828, 93348, 54120, 25298, 66708, 47801, 21023, 67357, 65787, 86452, 59211, 42047, 28653, 0, 0, 0, 0, 0, 0, 0, 0, 0, 0, 0, 0 | 20880, 31144, 66603, 66910, 78892, 30232, 28600, 82073, 18681, 69656, 60406, 49739, 43829, 19697, 35693, 67446, 56222, 50009, 65000, 54203, 88090, 45607, 9055, 41725, 36400, 24331, 43081, 25000, 30149, 69856, 40360, 34828, 93348, 54120, 25298, 66708, 47801, 21023, 67357, 65787, 86452, 59211, 42047, 28653, 0, 0, 0, 0, 0, 0, 0, 0, 0, 0, 0, 0 | 20880, 31144, 66603, 66910, 78892, 30232, 28600, 82073, 18681, 69656, 60406, 49739, 43829, 19697, 35693, 67446, 56222, 50009, 65000, 54203, 88090, 45607, 9055, 41725, 36400, 24331, 43081, 25000, 30149, 69856, 40360, 34828, 93348, 54120, 25298, 66708, 47801, 21023, 67357, 65787, 86452, 59211, 42047, 28653, 0, 0, 0, 0, 0, 0, 0, 0, 0, 0, 0, 0 | 20880, 31144, 66603, 66910, 78892, 30232, 28600, 82073, 18681, 69656, 60406, 49739, 43829, 19697, 35693, 67446, 56222, 50009, 65000, 54203, 88090, 45607, 9055, 41725, 36400, 24331, 43081, 25000, 30149, 69856, 40360, 34828, 93348, 54120, 25298, 66708, 47801, 21023, 67357, 65787, 86452, 59211, 42047, 28653, 0, 0, 0, 0, 0, 0, 0, 0, 0, 0, 0, 0 | 20880, 31144, 66603, 66910, 78892, 30232, 28600, 82073, 18681, 69656, 60406, 49739, 43829, 19697, 35693, 67446, 56222, 50009, 65000, 54203, 88090, 45607, 9055, 41725, 36400, 24331, 43081, 25000, 30149, 69856, 40360, 34828, 93348, 54120, 25298, 66708, 47801, 21023, 67357, 65787, 86452, 59211, 42047, 28653, 0, 0, 0, 0, 0, 0, 0, 0, 0, 0, 0, 0 | 20880, 31144, 66603, 66910, 78892, 30232, 28600, 82073, 18681, 69656, 60406, 49739, 43829, 19697, 35693, 67446, 56222, 50009, 65000, 54203, 88090, 45607, 9055, 41725, 36400, 24331, 43081, 25000, 30149, 69856, 40360, 34828, 93348, 54120, 25298, 66708, 47801, 21023, 67357, 65787, 86452, 59211, 42047, 28653, 0, 0, 0, 0, 0, 0, 0, 0, 0, 0, 0, 0 | 20880, 31144, 66603, 66910, 78892, 30232, 28600, 82073, 18681, 69656, 60406, 49739, 43829, 19697, 35693, 67446, 56222, 50009, 65000, 54203, 88090, 45607, 9055, 41725, 36400, 24331, 43081, 25000, 30149, 69856, 40360, 34828, 93348, 54120, 25298, 66708, 47801, 21023, 67357, 65787, 86452, 59211, 42047, 28653, 0, 0, 0, 0, 0, 0, 0, 0, 0, 0, 0, 0 |];
lower_b = 186696;
upper_b = 4700353;
