n = 53;
m = 7;
q = 100;
d = [0, 2, 12, 14, 2, 17, 20, 2, 26, 7, 24, 23, 13, 25, 20, 3, 18, 23, 6, 2, 13, 22, 3, 6, 7, 1, 18, 18, 10, 2, 9, 10, 8, 30, 16, 23, 2, 18, 22, 1, 8, 4, 26, 21, 2, 15, 25, 22, 19, 3, 3, 5, 13];
c = [| 0, 11401, 57567, 27658, 22203, 31144, 33376, 40224, 33105, 35114, 63324, 57314, 46010, 61983, 49648, 96540, 73552, 42720, 47201, 90000, 24186, 48052, 31304, 82492, 57314, 23769, 63976, 30528, 27784, 58855, 40012, 18027, 82036, 25238, 55326, 37013, 65115, 54341, 42801, 22472, 52354, 47539, 72945, 76485, 44181, 55226, 33526, 29068, 69028, 64280, 74040, 21540, 62289 | 11401, 0, 46173, 35341, 12206, 37735, 36496, 32310, 25495, 30016, 54589, 54230, 36891, 62032, 53263, 86313, 64031, 37215, 41109, 79511, 28160, 48754, 20248, 71561, 54230, 26248, 55758, 24207, 17029, 48764, 29068, 18027, 72249, 36235, 54708, 31622, 53758, 42953, 37013, 28017, 44821, 43011, 62201, 65299, 33734, 44407, 24698, 23086, 58728, 53758, 62641, 14212, 61400 | 57567, 46173, 0, 76006, 37215, 76236, 70710, 35777, 39824, 45880, 40199, 63253, 29410, 79322, 82540, 48846, 36221, 46141, 48104, 40718, 66219, 71589, 27166, 29681, 63253, 61294, 44102, 43931, 31144, 27166, 21931, 55217, 40199, 82079, 71867, 47707, 10295, 5385, 47853, 67029, 42953, 51865, 23769, 21260, 23706, 14422, 35468, 42953, 26019, 24698, 16492, 43011, 75802 | 27658, 35341, 76006, 0, 39319, 5000, 57245, 46486, 60207, 36249, 89894, 47434, 54405, 44147, 26076, 104694, 80056, 42190, 74813, 99724, 48373, 31016, 49162, 95078, 47434, 15811, 90917, 58008, 45177, 83815, 63324, 45276, 89000, 32000, 39924, 64660, 85211, 74242, 70434, 9055, 79611, 43278, 84899, 91241, 68622, 68883, 59941, 34928, 79056, 88323, 92048, 48548, 46486 | 22203, 12206, 37215, 39319, 0, 40261, 47801, 20615, 29546, 20880, 54561, 45607, 24698, 56080, 51400, 74411, 51855, 27166, 45617, 67801, 39924, 44045, 10049, 60415, 45607, 26000, 56568, 30083, 6082, 46141, 25059, 29120, 60141, 47434, 48373, 37643, 46010, 35014, 42154, 30594, 47201, 33541, 50774, 54781, 31064, 33120, 26925, 13928, 46861, 49769, 53600, 21095, 54561 | 31144, 37735, 76236, 5000, 40261, 0, 61741, 45122, 63007, 34481, 92282, 43416, 53150, 39293, 21095, 102693, 78000, 39812, 77987, 98030, 52773, 26400, 49819, 93941, 43416, 15000, 93493, 61073, 45891, 85615, 64845, 49040, 86925, 37000, 35341, 67941, 85708, 74813, 73661, 9848, 82419, 40224, 83743, 90553, 70384, 68264, 62433, 34132, 77620, 89810, 92021, 51400, 41785 | 33376, 36496, 70710, 57245, 47801, 61741, 0, 68410, 31400, 66370, 54918, 90005, 71867, 95351, 81932, 117413, 97529, 73681, 33376, 109808, 9219, 81394, 52325, 99904, 90005, 57070, 53338, 27018, 50695, 57775, 48795, 18681, 104957, 32202, 88684, 26000, 74202, 65795, 29832, 54708, 41773, 79309, 92005, 91934, 48600, 74886, 35468, 59539, 90426, 64884, 85276, 29154, 95634 | 40224, 32310, 35777, 46486, 20615, 45122, 68410, 0, 47518, 11000, 66573, 29410, 8062, 44045, 47296, 58668, 34409, 10630, 62817, 53310, 60406, 35846, 19646, 48836, 29410, 30675, 69462, 49091, 19026, 55443, 36235, 49729, 43266, 64381, 36400, 56320, 46065, 36619, 60016, 37696, 62393, 17029, 38639, 46000, 42544, 24331, 43931, 12206, 32572, 56586, 49477, 41109, 41012 | 33105, 25495, 39824, 60207, 29546, 63007, 31400, 47518, 0, 50328, 30364, 74946, 48010, 85475, 78568, 87817, 70213, 56044, 16124, 79924, 28792, 72945, 28071, 69404, 74946, 51623, 30870, 4472, 28635, 28284, 18027, 20024, 76694, 51000, 77826, 9055, 42801, 34713, 12649, 53413, 19416, 62641, 62265, 61073, 17204, 46238, 4472, 43462, 61846, 34928, 53907, 11661, 84095 | 35114, 30016, 45880, 36249, 20880, 34481, 66370, 11000, 50328, 0, 73109, 24738, 19026, 36235, 36687, 68447, 43829, 7615, 66309, 63568, 57706, 26076, 24839, 59682, 24738, 20591, 75604, 50960, 22472, 62968, 42520, 48041, 52773, 57428, 28425, 58523, 56080, 46065, 62968, 27784, 67230, 13000, 49497, 57000, 48918, 35227, 47423, 7071, 43174, 65000, 60207, 41773, 34132 | 63324, 54589, 40199, 89894, 54561, 92282, 54918, 66573, 30364, 73109, 0, 95963, 63505, 109343, 105891, 86313, 76419, 76843, 21587, 78089, 56008, 98290, 48270, 66098, 95963, 79630, 4123, 33734, 50931, 13038, 30610, 49648, 80000, 80504, 101533, 30000, 35355, 35510, 25179, 82492, 13152, 83486, 63031, 56885, 24207, 53366, 29966, 67208, 66189, 17720, 45607, 41785, 107004 | 57314, 54230, 63253, 47434, 45607, 43416, 90005, 29410, 74946, 24738, 95963, 0, 33970, 17464, 31780, 68183, 45177, 19235, 90824, 66068, 81055, 18867, 48301, 66708, 0, 36055, 98792, 75690, 46615, 84811, 65513, 72111, 53000, 75960, 12165, 83240, 73409, 65069, 87595, 42047, 91235, 12529, 57567, 67416, 71867, 49648, 71867, 31780, 50000, 85632, 74303, 66490, 13000 | 46010, 36891, 29410, 54405, 24698, 53150, 71867, 8062, 48010, 19026, 63505, 33970, 0, 49929, 54918, 51312, 27586, 17088, 62393, 45617, 64404, 43011, 20223, 40792, 33970, 38600, 66708, 50249, 21189, 51623, 34205, 53310, 36235, 70767, 42544, 57035, 39661, 31112, 60074, 45541, 60876, 22472, 30594, 38013, 40162, 16763, 44011, 19697, 24698, 51855, 42059, 43416, 46400 | 61983, 62032, 79322, 44147, 56080, 39293, 95351, 44045, 85475, 36235, 109343, 17464, 49929, 0, 20808, 85005, 62513, 33421, 101597, 83294, 86145, 14035, 61073, 84172, 17464, 38327, 111825, 85428, 58600, 99005, 78746, 78847, 70114, 75663, 7810, 93037, 89587, 80603, 97948, 42011, 103174, 27459, 75000, 84758, 85146, 66241, 83006, 42438, 67446, 100568, 91235, 75643, 5099 | 49648, 53263, 82540, 26076, 51400, 21095, 81932, 47296, 78568, 36687, 105891, 31780, 54918, 20808, 0, 98655, 74545, 38209, 94366, 95524, 72801, 13341, 59169, 94021, 31780, 27018, 107712, 77466, 55758, 97349, 76275, 67601, 83024, 58034, 20248, 84811, 92698, 82462, 90271, 27313, 97580, 35057, 84095, 92655, 82419, 71589, 77077, 40249, 77006, 100344, 96772, 67475, 24758 | 96540, 86313, 48846, 104694, 74411, 102693, 117413, 58668, 87817, 68447, 86313, 68183, 51312, 85005, 98655, 0, 24698, 62968, 96932, 8246, 111521, 85328, 66483, 20223, 68183, 89000, 90426, 91586, 69310, 73756, 69835, 100124, 15811, 121659, 80305, 96176, 50990, 54230, 96664, 96150, 91394, 64031, 25553, 29427, 72498, 42638, 83354, 70830, 27586, 68731, 41109, 88408, 80000 | 73552, 64031, 36221, 80056, 51855, 78000, 97529, 34409, 70213, 43829, 76419, 45177, 27586, 62513, 74545, 24698, 0, 38275, 82036, 21023, 90735, 61294, 45276, 22825, 45177, 64412, 80305, 73389, 47434, 63387, 53150, 79404, 8944, 98351, 57035, 79120, 43011, 41048, 80808, 71589, 78160, 39623, 16401, 26907, 57428, 24331, 65802, 46615, 10440, 60415, 37735, 68425, 57706 | 42720, 37215, 46141, 42190, 27166, 39812, 73681, 10630, 56044, 7615, 76843, 19235, 17088, 33421, 38209, 62968, 38275, 0, 71784, 58694, 65115, 25961, 29068, 56035, 19235, 27018, 79611, 57070, 27513, 65946, 46324, 55226, 47169, 64899, 25806, 64536, 56435, 47201, 68680, 34205, 72013, 6708, 46000, 54451, 52697, 33837, 52810, 14142, 39115, 67208, 59135, 48259, 30413 | 47201, 41109, 48104, 74813, 45617, 77987, 33376, 62817, 16124, 66309, 21587, 90824, 62393, 101597, 94366, 96932, 82036, 71784, 0, 88769, 35227, 89044, 43174, 77388, 90824, 67357, 20024, 16970, 44271, 26907, 29068, 30870, 87555, 60638, 93941, 10295, 47707, 42720, 4472, 68622, 8544, 78434, 71784, 68425, 24738, 57706, 18973, 59506, 72780, 34058, 59076, 26907, 100179 | 90000, 79511, 40718, 99724, 67801, 98030, 109808, 53310, 79924, 63568, 78089, 66068, 45617, 83294, 95524, 8246, 21023, 58694, 88769, 0, 104139, 82298, 59464, 12041, 66068, 83934, 82200, 83761, 62481, 65513, 61911, 92763, 13341, 115208, 78006, 88192, 42755, 46097, 88566, 91000, 83168, 60530, 17804, 21213, 64404, 35355, 75471, 65306, 21095, 60530, 33015, 80919, 78409 | 24186, 28160, 66219, 48373, 39924, 52773, 9219, 60406, 28792, 57706, 56008, 81055, 64404, 86145, 72801, 111521, 90735, 65115, 35227, 104139, 0, 72180, 45486, 94762, 81055, 47853, 55081, 24351, 43416, 56753, 44654, 11401, 98473, 26000, 79511, 26019, 70830, 61611, 31064, 45541, 43011, 70576, 86371, 87206, 45617, 68883, 32202, 50990, 84202, 63600, 81541, 23345, 86469 | 48052, 48754, 71589, 31016, 44045, 26400, 81394, 35846, 72945, 26076, 98290, 18867, 43011, 14035, 13341, 85328, 61294, 25961, 89044, 82298, 72180, 0, 50328, 81154, 18867, 24331, 100498, 72560, 47381, 88729, 67941, 65145, 69720, 61983, 8944, 80131, 81859, 72069, 85234, 28071, 91214, 22022, 71344, 80230, 74276, 59774, 70802, 31144, 64124, 91021, 85070, 62649, 15524 | 31304, 20248, 27166, 49162, 10049, 49819, 52325, 19646, 28071, 24839, 48270, 48301, 20223, 61073, 59169, 66483, 45276, 29068, 43174, 59464, 45486, 50328, 0, 51312, 48301, 35171, 50803, 30066, 4000, 38418, 17691, 34132, 53009, 56435, 53263, 37013, 36055, 25079, 40447, 40311, 42953, 35777, 42011, 45188, 24083, 24207, 24331, 19209, 38948, 41182, 43566, 23409, 58821 | 82492, 71561, 29681, 95078, 60415, 93941, 99904, 48836, 69404, 59682, 66098, 66708, 40792, 84172, 94021, 20223, 22825, 56035, 77388, 12041, 94762, 81154, 51312, 0, 66708, 79309, 70213, 73409, 54708, 53600, 51400, 83486, 19209, 107703, 78089, 77388, 30805, 34985, 77414, 86127, 71512, 59135, 10198, 9219, 53338, 27294, 65000, 60166, 17029, 48507, 21000, 71421, 79555 | 57314, 54230, 63253, 47434, 45607, 43416, 90005, 29410, 74946, 24738, 95963, 0, 33970, 17464, 31780, 68183, 45177, 19235, 90824, 66068, 81055, 18867, 48301, 66708, 0, 36055, 98792, 75690, 46615, 84811, 65513, 72111, 53000, 75960, 12165, 83240, 73409, 65069, 87595, 42047, 91235, 12529, 57567, 67416, 71867, 49648, 71867, 31780, 50000, 85632, 74303, 66490, 13000 | 23769, 26248, 61294, 15811, 26000, 15000, 57070, 30675, 51623, 20591, 79630, 36055, 38600, 38327, 27018, 89000, 64412, 27018, 67357, 83934, 47853, 24331, 35171, 79309, 36055, 0, 81215, 50447, 31320, 72006, 50990, 41231, 73355, 39924, 32000, 57801, 70859, 60016, 63253, 7211, 70767, 29206, 69123, 75663, 56824, 53338, 50328, 19235, 63245, 75769, 77025, 40459, 39000 | 63976, 55758, 44102, 90917, 56568, 93493, 53338, 69462, 30870, 75604, 4123, 98792, 66708, 111825, 107712, 90426, 80305, 79611, 20024, 82200, 55081, 100498, 50803, 70213, 98792, 81215, 0, 33837, 53263, 17000, 33286, 49477, 84005, 80062, 104019, 29274, 39458, 39319, 24020, 83761, 12165, 86284, 67067, 61000, 26925, 57070, 31064, 69526, 70114, 21840, 49729, 42485, 109622 | 30528, 24207, 43931, 58008, 30083, 61073, 27018, 49091, 4472, 50960, 33734, 75690, 50249, 85428, 77466, 91586, 73389, 57070, 16970, 83761, 24351, 72560, 30066, 73409, 75690, 50447, 33837, 0, 30066, 32557, 22022, 16031, 80112, 47042, 77878, 7615, 47201, 38897, 12806, 51662, 21931, 63560, 66037, 65192, 21633, 49658, 8485, 43965, 65306, 39293, 58258, 10000, 84308 | 27784, 17029, 31144, 45177, 6082, 45891, 50695, 19026, 28635, 22472, 50931, 46615, 21189, 58600, 55758, 69310, 47434, 27513, 44271, 62481, 43416, 47381, 4000, 54708, 46615, 31320, 53263, 30066, 0, 41617, 20615, 32202, 55443, 53000, 50803, 37336, 40049, 29068, 41231, 36345, 44777, 34176, 45221, 48846, 26907, 27459, 25298, 16278, 41725, 44721, 47518, 22360, 56603 | 58855, 48764, 27166, 83815, 46141, 85615, 57775, 55443, 28284, 62968, 13038, 84811, 51623, 99005, 97349, 73756, 63387, 65946, 26907, 65513, 56753, 88729, 38418, 53600, 84811, 72006, 17000, 32557, 41617, 0, 21095, 48259, 67007, 79101, 91219, 31780, 22803, 22561, 28844, 75769, 19209, 72470, 50089, 44384, 15231, 40521, 26000, 57628, 53150, 7211, 33615, 38052, 96332 | 40012, 29068, 21931, 63324, 25059, 64845, 48795, 36235, 18027, 42520, 30610, 65513, 34205, 78746, 76275, 69835, 53150, 46324, 29068, 61911, 44654, 67941, 17691, 51400, 65513, 50990, 33286, 22022, 20615, 21095, 0, 34000, 59135, 62817, 70936, 26400, 26400, 17029, 27658, 55027, 26683, 53000, 44294, 43185, 6403, 28861, 13601, 36796, 44271, 25000, 36891, 21931, 76400 | 18027, 18027, 55217, 45276, 29120, 49040, 18681, 49729, 20024, 48041, 49648, 72111, 53310, 78847, 67601, 100124, 79404, 55226, 30870, 92763, 11401, 65145, 34132, 83486, 72111, 41231, 49477, 16031, 32202, 48259, 34000, 0, 87091, 31016, 71805, 20615, 60373, 50774, 26400, 40496, 37363, 61032, 75006, 76059, 35735, 57489, 22561, 41109, 72801, 54744, 70830, 12206, 78644 | 82036, 72249, 40199, 89000, 60141, 86925, 104957, 43266, 76694, 52773, 80000, 53000, 36235, 70114, 83024, 15811, 8944, 47169, 87555, 13341, 98473, 69720, 53009, 19209, 53000, 73355, 84005, 80112, 55443, 67007, 59135, 87091, 0, 106962, 65030, 85440, 45276, 45398, 86683, 80529, 83024, 48270, 17117, 26000, 62817, 30463, 72235, 55470, 14866, 63198, 37947, 75802, 65192 | 25238, 36235, 82079, 32000, 47434, 37000, 32202, 64381, 51000, 57428, 80504, 75960, 70767, 75663, 58034, 121659, 98351, 64899, 60638, 115208, 26000, 61983, 56435, 107703, 75960, 39924, 80062, 47042, 53000, 79101, 62817, 31016, 106962, 0, 70611, 50803, 88887, 78434, 56293, 34205, 67896, 68476, 98183, 101533, 65764, 80454, 53150, 52497, 94201, 85375, 98432, 41436, 77466 | 55326, 54708, 71867, 39924, 48373, 35341, 88684, 36400, 77826, 28425, 101533, 12165, 42544, 7810, 20248, 80305, 57035, 25806, 93941, 78006, 79511, 8944, 53263, 78089, 12165, 32000, 104019, 77878, 50803, 91219, 70936, 71805, 65030, 70611, 0, 85492, 82152, 73006, 90338, 36496, 95414, 20124, 68658, 78160, 77336, 59033, 75292, 34669, 61188, 92849, 84172, 68154, 7000 | 37013, 31622, 47707, 64660, 37643, 67941, 26000, 56320, 9055, 58523, 30000, 83240, 57035, 93037, 84811, 96176, 79120, 64536, 10295, 88192, 26019, 80131, 37013, 77388, 83240, 57801, 29274, 7615, 37336, 31780, 26400, 20615, 85440, 50803, 85492, 0, 49497, 42438, 5830, 58694, 17117, 71063, 70661, 68818, 24207, 55027, 13341, 51546, 70576, 38910, 60827, 17492, 91923 | 65115, 53758, 10295, 85211, 46010, 85708, 74202, 46065, 42801, 56080, 35355, 73409, 39661, 89587, 92698, 50990, 43011, 56435, 47707, 42755, 70830, 81859, 36055, 30805, 73409, 70859, 39458, 47201, 40049, 22803, 26400, 60373, 45276, 88887, 82152, 49497, 0, 11000, 48414, 76321, 41146, 62128, 28160, 21587, 25612, 24041, 38832, 52886, 32572, 18000, 11401, 48332, 86023 | 54341, 42953, 5385, 74242, 35014, 74813, 65795, 36619, 34713, 46065, 35510, 65069, 31112, 80603, 82462, 54230, 41048, 47201, 42720, 46097, 61611, 72069, 25079, 34985, 65069, 60016, 39319, 38897, 29068, 22561, 17029, 50774, 45398, 78434, 73006, 42438, 11000, 0, 42485, 65375, 37656, 53263, 29120, 26400, 18357, 18027, 30413, 42379, 31016, 21095, 20124, 38587, 77336 | 42801, 37013, 47853, 70434, 42154, 73661, 29832, 60016, 12649, 62968, 25179, 87595, 60074, 97948, 90271, 96664, 80808, 68680, 4472, 88566, 31064, 85234, 40447, 77414, 87595, 63253, 24020, 12806, 41231, 28844, 27658, 26400, 86683, 56293, 90338, 5830, 48414, 42485, 0, 64350, 12041, 75286, 71309, 68600, 24166, 56515, 16124, 56080, 71840, 36055, 59816, 22803, 96664 | 22472, 28017, 67029, 9055, 30594, 9848, 54708, 37696, 53413, 27784, 82492, 42047, 45541, 42011, 27313, 96150, 71589, 34205, 68622, 91000, 45541, 28071, 40311, 86127, 42047, 7211, 83761, 51662, 36345, 75769, 55027, 40496, 80529, 34205, 36496, 58694, 76321, 65375, 64350, 0, 72801, 36124, 75960, 82200, 60539, 59841, 52697, 25961, 70228, 80006, 83024, 41868, 43416 | 52354, 44821, 42953, 79611, 47201, 82419, 41773, 62393, 19416, 67230, 13152, 91235, 60876, 103174, 97580, 91394, 78160, 72013, 8544, 83168, 43011, 91214, 42953, 71512, 91235, 70767, 12165, 21931, 44777, 19209, 26683, 37363, 83024, 67896, 95414, 17117, 41146, 37656, 12041, 72801, 0, 78721, 66708, 62393, 21095, 54009, 20518, 60745, 68468, 26172, 52354, 31064, 101355 | 47539, 43011, 51865, 43278, 33541, 40224, 79309, 17029, 62641, 13000, 83486, 12529, 22472, 27459, 35057, 64031, 39623, 6708, 78434, 60530, 70576, 22022, 35777, 59135, 12529, 29206, 86284, 63560, 34176, 72470, 53000, 61032, 48270, 68476, 20124, 71063, 62128, 53263, 75286, 36124, 78721, 0, 49365, 58463, 59363, 38910, 59464, 20024, 42107, 73539, 64078, 54589, 24083 | 72945, 62201, 23769, 84899, 50774, 83743, 92005, 38639, 62265, 49497, 63031, 57567, 30594, 75000, 84095, 25553, 16401, 46000, 71784, 17804, 86371, 71344, 42011, 10198, 57567, 69123, 67067, 66037, 45221, 50089, 44294, 75006, 17117, 98183, 68658, 70661, 28160, 29120, 71309, 75960, 66708, 49365, 0, 10630, 47169, 17804, 57801, 50000, 7615, 46097, 21470, 63126, 70519 | 76485, 65299, 21260, 91241, 54781, 90553, 91934, 46000, 61073, 57000, 56885, 67416, 38013, 84758, 92655, 29427, 26907, 54451, 68425, 21213, 87206, 80230, 45188, 9219, 67416, 75663, 61000, 65192, 48846, 44384, 43185, 76059, 26000, 101533, 78160, 68818, 21587, 26400, 68600, 82200, 62393, 58463, 10630, 0, 44654, 22360, 56727, 56435, 18027, 39319, 12165, 63890, 80411 | 44181, 33734, 23706, 68622, 31064, 70384, 48600, 42544, 17204, 48918, 24207, 71867, 40162, 85146, 82419, 72498, 57428, 52697, 24738, 64404, 45617, 74276, 24083, 53338, 71867, 56824, 26925, 21633, 26907, 15231, 6403, 35735, 62817, 65764, 77336, 24207, 25612, 18357, 24166, 60539, 21095, 59363, 47169, 44654, 0, 33136, 13416, 43139, 48052, 20099, 36796, 24331, 82800 | 55226, 44407, 14422, 68883, 33120, 68264, 74886, 24331, 46238, 35227, 53366, 49648, 16763, 66241, 71589, 42638, 24331, 33837, 57706, 35355, 68883, 59774, 24207, 27294, 49648, 53338, 57070, 49658, 27459, 40521, 28861, 57489, 30463, 80454, 59033, 55027, 24041, 18027, 56515, 59841, 54009, 38910, 17804, 22360, 33136, 0, 41785, 34132, 15652, 38910, 25298, 45803, 62433 | 33526, 24698, 35468, 59941, 26925, 62433, 35468, 43931, 4472, 47423, 29966, 71867, 44011, 83006, 77077, 83354, 65802, 52810, 18973, 75471, 32202, 70802, 24331, 65000, 71867, 50328, 31064, 8485, 25298, 26000, 13601, 22561, 72235, 53150, 75292, 13341, 38832, 30413, 16124, 52697, 20518, 59464, 57801, 56727, 13416, 41785, 0, 40706, 57384, 32249, 49819, 12165, 81412 | 29068, 23086, 42953, 34928, 13928, 34132, 59539, 12206, 43462, 7071, 67208, 31780, 19697, 42438, 40249, 70830, 46615, 14142, 59506, 65306, 50990, 31144, 19209, 60166, 31780, 19235, 69526, 43965, 16278, 57628, 36796, 41109, 55470, 52497, 34669, 51546, 52886, 42379, 56080, 25961, 60745, 20024, 50000, 56435, 43139, 34132, 40706, 0, 44384, 60207, 58215, 34713, 40706 | 69028, 58728, 26019, 79056, 46861, 77620, 90426, 32572, 61846, 43174, 66189, 50000, 24698, 67446, 77006, 27586, 10440, 39115, 72780, 21095, 84202, 64124, 38948, 17029, 50000, 63245, 70114, 65306, 41725, 53150, 44271, 72801, 14866, 94201, 61188, 70576, 32572, 31016, 71840, 70228, 68468, 42107, 7615, 18027, 48052, 15652, 57384, 44384, 0, 50009, 27802, 61294, 62936 | 64280, 53758, 24698, 88323, 49769, 89810, 64884, 56586, 34928, 65000, 17720, 85632, 51855, 100568, 100344, 68731, 60415, 67208, 34058, 60530, 63600, 91021, 41182, 48507, 85632, 75769, 21840, 39293, 44721, 7211, 25000, 54744, 63198, 85375, 92849, 38910, 18000, 21095, 36055, 80006, 26172, 73539, 46097, 39319, 20099, 38910, 32249, 60207, 50009, 0, 27892, 44045, 97590 | 74040, 62641, 16492, 92048, 53600, 92021, 85276, 49477, 53907, 60207, 45607, 74303, 42059, 91235, 96772, 41109, 37735, 59135, 59076, 33015, 81541, 85070, 43566, 21000, 74303, 77025, 49729, 58258, 47518, 33615, 36891, 70830, 37947, 98432, 84172, 60827, 11401, 20124, 59816, 83024, 52354, 64078, 21470, 12165, 36796, 25298, 49819, 58215, 27802, 27892, 0, 58668, 87235 | 21540, 14212, 43011, 48548, 21095, 51400, 29154, 41109, 11661, 41773, 41785, 66490, 43416, 75643, 67475, 88408, 68425, 48259, 26907, 80919, 23345, 62649, 23409, 71421, 66490, 40459, 42485, 10000, 22360, 38052, 21931, 12206, 75802, 41436, 68154, 17492, 48332, 38587, 22803, 41868, 31064, 54589, 63126, 63890, 24331, 45803, 12165, 34713, 61294, 44045, 58668, 0, 74672 | 62289, 61400, 75802, 46486, 54561, 41785, 95634, 41012, 84095, 34132, 107004, 13000, 46400, 5099, 24758, 80000, 57706, 30413, 100179, 78409, 86469, 15524, 58821, 79555, 13000, 39000, 109622, 84308, 56603, 96332, 76400, 78644, 65192, 77466, 7000, 91923, 86023, 77336, 96664, 43416, 101355, 24083, 70519, 80411, 82800, 62433, 81412, 40706, 62936, 97590, 87235, 74672, 0 |];
lower_b = 193080;
upper_b = 5036308;
