n = 63;
m = 9;
q = 100;
d = [0, 4, 18, 22, 14, 5, 9, 7, 20, 19, 7, 18, 20, 2, 11, 10, 5, 21, 20, 1, 15, 15, 14, 19, 22, 21, 22, 6, 24, 14, 14, 2, 15, 21, 15, 6, 23, 14, 26, 15, 15, 23, 7, 22, 26, 20, 3, 2, 15, 2, 21, 12, 4, 10, 23, 4, 24, 17, 2, 20, 18, 19, 8];
c = [| 0, 121655, 64031, 83761, 100439, 72249, 75153, 26076, 82462, 90906, 57688, 14422, 50159, 39293, 92086, 28635, 42520, 75894, 112071, 10000, 32249, 70114, 70342, 84403, 92347, 33526, 8944, 86579, 61351, 54147, 62000, 101823, 80399, 26683, 60827, 80324, 78000, 76967, 100498, 80448, 86023, 88814, 86833, 99035, 32984, 80000, 110453, 99297, 77820, 74000, 82462, 84758, 83354, 62513, 50159, 78230, 24413, 98081, 82389, 91782, 50990, 62801, 92282 | 121655, 0, 88294, 44271, 26683, 94762, 55713, 96540, 68117, 33105, 65604, 119331, 76550, 90553, 80099, 95015, 79397, 62096, 20396, 114978, 98792, 89822, 68963, 39446, 60133, 93744, 119331, 78025, 70682, 96767, 90708, 20000, 76419, 109288, 81608, 59228, 59228, 55027, 22360, 43908, 82024, 37947, 37576, 22627, 94403, 88090, 11661, 28635, 55785, 65513, 64498, 56568, 44944, 80324, 98081, 78638, 97590, 50159, 76236, 70256, 76157, 60464, 38832 | 64031, 88294, 0, 44407, 80224, 11313, 73348, 43680, 24083, 56320, 56035, 72691, 62225, 27202, 108166, 57271, 41231, 80622, 90000, 54037, 32062, 96166, 80448, 67468, 35383, 32984, 56320, 23409, 71217, 11661, 2828, 70455, 96020, 74000, 8944, 83186, 29120, 75153, 66753, 66483, 104403, 50635, 52153, 70114, 63529, 16124, 80622, 80399, 32557, 22803, 89554, 85906, 73375, 82073, 15231, 95603, 53141, 94868, 97652, 30528, 26907, 38626, 80049 | 83761, 44271, 44407, 0, 37947, 52038, 43908, 57688, 27856, 12000, 38052, 85088, 50000, 48166, 80448, 61351, 42047, 52839, 46389, 75604, 56639, 77794, 56462, 29732, 25455, 52345, 79649, 39395, 51419, 52497, 46690, 26076, 70710, 78587, 37363, 53254, 16124, 44944, 22360, 31240, 78892, 6324, 8246, 26076, 63560, 47074, 36221, 38626, 12000, 22000, 60464, 54037, 38209, 64031, 53851, 71554, 61741, 58412, 71693, 34409, 33941, 21540, 41617 | 100439, 26683, 80224, 37947, 0, 89106, 29529, 76941, 65787, 26832, 42801, 96208, 52345, 74726, 54918, 72470, 59933, 35440, 11661, 95015, 82219, 63150, 42379, 16124, 61773, 76550, 99478, 77252, 44944, 86092, 82097, 17204, 50039, 85041, 72027, 32557, 53851, 28635, 21260, 20000, 56142, 33105, 29732, 14142, 70710, 84899, 16000, 2000, 49477, 59228, 38052, 30066, 18867, 53851, 86371, 52153, 76026, 26000, 50000, 71554, 61188, 44721, 12165 | 72249, 94762, 11313, 52038, 89106, 0, 84118, 53851, 27202, 64031, 67201, 82000, 73539, 37576, 119281, 68000, 52497, 91586, 98325, 62289, 41231, 107480, 91607, 77201, 37576, 43081, 64031, 21260, 82462, 18110, 11661, 78000, 107200, 84308, 20000, 94021, 36000, 85883, 74027, 76550, 115602, 58000, 60133, 78102, 74431, 10000, 88022, 89442, 40049, 30066, 100498, 96602, 83570, 93380, 22090, 106826, 63560, 105109, 108811, 30000, 38209, 49193, 89844 | 75153, 55713, 73348, 43908, 29529, 84118, 0, 54918, 67882, 39293, 20000, 68818, 25059, 58309, 36878, 46518, 40000, 8944, 40000, 71470, 64000, 36055, 14000, 18000, 68818, 58000, 75894, 79246, 15620, 75286, 74323, 40199, 26832, 56639, 64404, 10000, 55172, 2000, 42000, 14142, 34985, 43081, 38626, 36221, 43266, 83234, 44271, 27784, 50990, 58137, 16970, 12649, 10770, 24738, 74215, 27856, 51264, 24083, 27784, 76576, 48083, 34985, 18439 | 26076, 96540, 43680, 57688, 76941, 53851, 54918, 0, 58309, 65115, 35440, 30066, 32062, 16492, 80049, 15620, 17204, 58034, 88588, 18439, 14142, 61741, 54147, 60827, 67468, 10770, 22803, 64124, 44045, 36715, 42379, 76576, 67468, 30463, 38209, 62128, 52497, 56885, 74966, 57271, 74726, 62801, 60959, 74027, 22803, 59665, 85603, 76026, 52000, 49030, 66030, 66272, 61351, 50000, 33286, 65969, 10000, 78917, 69426, 68117, 25298, 36878, 70228 | 82462, 68117, 24083, 27856, 65787, 27202, 67882, 58309, 0, 39293, 55569, 88362, 65391, 43174, 104690, 68264, 48662, 76419, 73756, 72801, 50596, 97754, 78409, 56603, 11313, 49030, 75894, 11661, 71021, 35383, 26907, 52611, 93722, 86209, 22360, 77794, 12806, 69310, 48373, 57201, 102176, 32984, 36055, 53366, 72993, 20000, 62289, 66483, 17204, 10770, 84852, 79397, 64404, 83354, 38418, 94021, 66000, 85440, 95015, 10198, 34058, 34985, 68963 | 90906, 33105, 56320, 12000, 26832, 64031, 39293, 65115, 39293, 0, 39293, 90553, 51419, 57688, 74242, 66241, 48414, 48083, 34525, 83450, 66030, 74966, 52952, 22360, 34985, 61220, 87681, 50596, 50000, 64031, 58549, 14142, 65787, 82462, 49030, 47539, 28071, 39849, 10770, 25298, 73539, 6324, 4472, 14142, 67230, 58855, 24331, 27784, 24000, 34000, 54626, 47413, 31304, 62128, 65145, 67052, 67675, 49517, 66483, 44721, 43266, 28284, 32557 | 57688, 65604, 56035, 38052, 42801, 67201, 20000, 35440, 55569, 39293, 0, 53814, 12165, 38470, 52153, 29732, 20000, 25298, 54405, 52801, 44000, 42190, 24413, 26907, 59464, 38000, 57271, 66030, 15620, 56462, 56603, 46647, 40000, 43908, 47201, 28635, 43863, 22000, 46518, 22803, 48414, 40199, 36496, 43266, 28844, 67882, 54037, 41617, 40496, 44944, 34176, 32249, 26000, 27784, 55027, 39698, 33286, 44045, 41617, 65299, 29529, 20591, 34928 | 14422, 119331, 72691, 85088, 96208, 82000, 68818, 30066, 88362, 90553, 53814, 0, 44045, 46043, 80894, 24413, 43081, 68000, 107628, 21633, 40792, 58137, 61741, 80622, 97324, 40049, 22627, 94021, 53851, 64031, 71021, 100000, 69856, 14142, 68029, 72470, 82000, 70455, 99297, 76367, 74672, 89442, 86833, 96829, 25612, 88814, 107814, 94847, 81043, 78917, 73539, 76941, 78102, 52497, 60166, 67468, 23409, 90354, 71805, 98183, 54918, 63560, 86833 | 50159, 76550, 62225, 50000, 52345, 73539, 25059, 32062, 65391, 51419, 12165, 44045, 0, 40249, 48703, 21540, 21633, 26305, 63655, 47074, 43680, 33941, 22090, 37202, 70342, 37947, 51419, 75179, 12000, 60464, 62289, 58137, 36055, 32802, 53814, 30594, 54405, 26832, 58309, 32802, 43863, 52345, 48662, 54589, 18439, 75604, 64899, 50911, 51419, 54626, 34000, 34928, 34058, 20000, 58309, 34928, 26683, 48083, 37947, 75392, 35383, 31048, 42801 | 39293, 90553, 27202, 48166, 74726, 37576, 58309, 16492, 43174, 57688, 38470, 46043, 40249, 0, 88769, 30528, 18973, 63560, 86023, 29732, 8485, 73239, 61351, 59228, 53141, 6000, 33105, 48000, 51264, 21260, 26000, 70710, 76157, 46818, 22000, 67082, 39446, 60299, 68264, 56568, 84095, 54037, 53254, 68876, 37202, 43174, 80498, 74215, 40000, 34928, 72277, 70710, 62128, 60033, 18439, 75153, 26000, 82097, 78000, 52611, 14422, 30463, 70455 | 92086, 80099, 108166, 80448, 54918, 119281, 36878, 80049, 104690, 74242, 52153, 80894, 48703, 88769, 0, 66483, 69856, 28284, 60000, 92195, 92347, 23409, 27784, 51884, 105603, 86648, 96083, 115965, 37576, 108240, 108756, 70880, 12649, 66753, 99297, 27202, 92021, 35608, 74000, 49396, 6324, 78892, 74431, 67052, 60133, 119331, 70710, 52952, 87863, 94762, 20000, 26832, 42941, 30265, 106451, 14142, 72691, 30000, 10770, 113454, 81633, 70936, 43680 | 28635, 95015, 57271, 61351, 72470, 68000, 46518, 15620, 68264, 66241, 29732, 24413, 21540, 30528, 66483, 0, 20099, 47539, 84023, 26076, 29732, 46818, 42426, 56639, 76026, 25612, 30265, 75709, 32984, 51613, 56356, 75604, 54147, 18000, 50596, 51923, 60133, 48332, 74886, 52497, 60827, 65391, 62609, 72470, 7211, 72801, 83546, 71217, 58549, 58034, 54589, 56320, 54918, 36221, 48414, 52345, 6324, 69570, 56142, 78409, 34234, 39849, 63812 | 42520, 79397, 41231, 42047, 59933, 52497, 40000, 17204, 48662, 48414, 20000, 43081, 21633, 18973, 69856, 20099, 0, 44721, 71554, 35608, 24000, 55317, 42379, 43863, 56000, 18000, 40000, 56920, 32310, 38832, 41036, 59464, 57271, 38052, 33286, 48373, 40049, 42000, 58000, 40496, 65299, 46647, 44407, 56850, 24331, 55569, 68410, 59093, 38470, 38209, 53366, 52153, 45122, 41617, 36715, 56356, 19697, 64031, 59093, 58855, 15231, 20591, 53851 | 75894, 62096, 80622, 52839, 35440, 91586, 8944, 58034, 76419, 48083, 25298, 68000, 26305, 63560, 28284, 47539, 44721, 0, 44721, 73348, 68468, 28071, 7211, 26305, 77665, 62513, 77665, 87681, 14560, 81706, 81412, 48000, 17888, 54918, 71693, 4472, 63780, 8246, 50159, 22803, 26076, 52000, 47539, 44000, 43081, 91214, 50990, 33526, 59665, 66483, 8944, 8944, 18000, 18867, 80324, 18973, 52952, 22360, 18867, 85276, 54626, 42801, 23409 | 112071, 20396, 90000, 46389, 11661, 98325, 40000, 88588, 73756, 34525, 54405, 107628, 63655, 86023, 60000, 84023, 71554, 44721, 0, 106677, 93637, 71470, 51884, 27784, 68352, 88022, 111139, 84899, 55605, 96519, 92021, 21540, 57271, 96208, 82097, 41231, 62513, 38832, 26000, 31622, 62289, 40792, 38209, 20396, 82073, 93380, 14142, 12806, 58309, 68264, 45607, 37947, 29732, 63529, 97015, 59665, 87658, 30000, 56885, 78434, 72277, 55785, 21633 | 10000, 114978, 54037, 75604, 95015, 62289, 71470, 18439, 72801, 83450, 52801, 21633, 47074, 29732, 92195, 26076, 35608, 73348, 106677, 0, 22360, 71386, 68468, 78892, 82873, 24166, 4472, 76655, 58855, 44181, 52000, 95015, 80024, 30528, 50990, 77665, 68876, 73375, 93380, 75179, 86371, 80919, 79246, 92455, 32062, 70000, 104019, 94021, 68963, 64621, 80622, 82000, 78790, 62032, 40199, 78102, 20396, 95078, 82024, 82000, 42190, 55172, 87726 | 32249, 98792, 32062, 56639, 82219, 41231, 64000, 14142, 50596, 66030, 44000, 40792, 43680, 8485, 92347, 29732, 24000, 68468, 93637, 22360, 0, 75179, 65513, 66483, 60926, 6000, 25298, 54332, 55317, 23409, 30265, 78892, 79699, 43908, 28635, 72249, 47707, 66000, 76550, 63560, 87315, 62481, 61611, 76941, 36878, 48166, 88588, 81608, 48414, 42941, 76941, 76105, 68731, 62769, 19697, 78434, 24083, 88022, 81608, 59665, 22803, 38470, 77278 | 70114, 89822, 96166, 77794, 63150, 107480, 36055, 61741, 97754, 74966, 42190, 58137, 33941, 73239, 23409, 46818, 55317, 28071, 71470, 71386, 75179, 0, 22090, 54037, 101133, 69971, 74966, 108166, 26832, 94021, 96208, 76026, 15620, 44045, 87726, 30594, 85883, 36000, 78025, 50159, 17088, 78102, 73756, 72027, 39849, 109343, 78917, 61188, 82292, 87132, 26000, 33526, 46043, 14422, 91607, 12806, 53141, 43908, 16970, 107424, 69310, 62769, 50990 | 70342, 68963, 80448, 56462, 42379, 91607, 14000, 54147, 78409, 52952, 24413, 61741, 22090, 61351, 27784, 42426, 42379, 7211, 51884, 68468, 65513, 22090, 0, 32000, 80622, 59665, 72691, 89375, 10198, 80498, 80993, 54147, 15620, 48373, 71610, 11313, 66030, 14142, 56000, 28071, 24083, 56320, 51923, 50159, 37363, 92021, 57723, 40496, 62128, 68117, 12165, 15620, 24331, 11661, 78790, 15620, 48166, 28844, 17204, 87658, 53851, 43863, 30463 | 84403, 39446, 67468, 29732, 16124, 77201, 18000, 60827, 56603, 22360, 26907, 80622, 37202, 59228, 51884, 56639, 43863, 26305, 27784, 78892, 66483, 54037, 32000, 0, 55172, 60728, 83354, 68264, 31622, 72111, 69050, 22360, 43680, 70000, 58855, 25298, 43908, 18110, 24000, 4472, 51264, 27202, 22803, 18439, 55317, 74323, 27784, 15231, 39446, 48332, 32310, 25059, 8944, 42426, 72000, 45122, 60000, 28844, 44271, 64031, 46173, 30000, 12649 | 92347, 60133, 35383, 25455, 61773, 37576, 68818, 67468, 11313, 34985, 59464, 97324, 70342, 53141, 105603, 76026, 56000, 77665, 68352, 82873, 60926, 101133, 80622, 55172, 0, 58821, 86162, 18110, 74323, 46690, 38209, 46818, 95414, 94021, 33286, 78409, 16124, 70000, 42379, 56639, 103730, 28844, 32802, 48332, 80099, 29120, 55785, 62769, 18973, 18439, 85603, 79397, 63655, 86925, 49678, 96041, 74431, 83737, 96519, 10198, 42426, 39293, 66843 | 33526, 93744, 32984, 52345, 76550, 43081, 58000, 10770, 49030, 61220, 38000, 40049, 37947, 6000, 86648, 25612, 18000, 62513, 88022, 24166, 6000, 69971, 59665, 60728, 58821, 0, 27784, 54000, 49477, 26076, 31622, 73783, 74000, 41231, 28000, 66272, 44721, 60000, 71610, 57723, 81706, 58000, 56850, 71693, 32557, 49030, 83354, 75894, 44944, 40496, 71021, 70114, 62801, 57271, 22803, 72801, 20591, 82024, 75894, 58549, 18439, 33286, 71386 | 8944, 119331, 56320, 79649, 99478, 64031, 75894, 22803, 75894, 87681, 57271, 22627, 51419, 33105, 96083, 30265, 40000, 77665, 111139, 4472, 25298, 74966, 72691, 83354, 86162, 27784, 0, 79246, 63150, 46000, 54147, 99357, 84000, 33105, 53851, 82000, 72470, 77794, 97672, 79649, 90199, 85041, 83450, 96829, 36000, 72111, 108406, 98488, 72718, 68029, 84852, 86348, 83258, 66000, 42000, 82024, 24738, 99458, 86000, 84899, 46043, 59396, 92195 | 86579, 78025, 23409, 39395, 77252, 21260, 79246, 64124, 11661, 50596, 66030, 94021, 75179, 48000, 115965, 75709, 56920, 87681, 84899, 76655, 54332, 108166, 89375, 68264, 18110, 54000, 79246, 0, 81608, 34928, 26000, 63560, 104804, 93380, 26000, 89196, 24413, 80721, 59228, 68818, 113278, 44271, 47539, 64560, 81043, 11661, 72993, 78000, 28844, 21260, 96208, 90906, 76026, 93744, 38626, 104995, 72691, 97097, 106150, 8944, 41761, 45607, 80622 | 61351, 70682, 71217, 51419, 44944, 82462, 15620, 44045, 71021, 50000, 15620, 53851, 12000, 51264, 37576, 32984, 32310, 14560, 55605, 58855, 55317, 26832, 10198, 31622, 74323, 49477, 63150, 81608, 0, 70710, 71610, 53851, 25059, 41231, 62481, 18973, 59059, 16970, 54918, 27202, 33286, 52345, 48166, 50000, 28635, 83450, 59093, 43266, 55461, 60464, 22000, 23409, 26076, 12649, 68876, 24413, 38470, 36769, 26832, 80622, 44407, 36055, 34058 | 54147, 96767, 11661, 52497, 86092, 18110, 75286, 36715, 35383, 64031, 56462, 64031, 60464, 21260, 108240, 51613, 38832, 81706, 96519, 44181, 23409, 94021, 80498, 72111, 46690, 26076, 46000, 34928, 70710, 0, 8944, 78102, 95770, 67082, 15231, 84758, 38470, 77201, 74726, 70455, 103942, 58821, 59665, 77278, 58412, 26305, 88294, 86023, 41231, 32249, 90620, 87931, 76941, 80448, 4000, 95015, 46647, 98061, 97529, 42190, 27202, 42190, 84380 | 62000, 90708, 2828, 46690, 82097, 11661, 74323, 42379, 26907, 58549, 56603, 71021, 62289, 26000, 108756, 56356, 41036, 81412, 92021, 52000, 30265, 96208, 80993, 69050, 38209, 31622, 54147, 26000, 71610, 8944, 0, 72691, 96519, 72801, 10198, 84095, 31622, 76157, 69050, 67911, 104861, 52952, 54332, 72249, 62769, 18000, 82873, 82219, 34928, 25298, 90354, 86925, 74726, 82219, 12649, 96020, 52000, 96166, 98183, 33286, 27202, 39849, 81584 | 101823, 20000, 70455, 26076, 17204, 78000, 40199, 76576, 52611, 14142, 46647, 100000, 58137, 70710, 70880, 75604, 59464, 48000, 21540, 95015, 78892, 76026, 54147, 22360, 46818, 73783, 99357, 63560, 53851, 78102, 72691, 0, 64498, 90553, 63150, 46173, 42000, 40049, 4472, 26683, 71386, 20000, 18439, 4000, 75471, 72443, 10198, 18867, 38052, 48041, 52611, 44721, 30000, 64776, 79120, 66272, 77897, 42941, 64776, 56920, 56356, 40496, 27202 | 80399, 76419, 96020, 70710, 50039, 107200, 26832, 67468, 93722, 65787, 40000, 69856, 36055, 76157, 12649, 54147, 57271, 17888, 57271, 80024, 79699, 15620, 15620, 43680, 95414, 74000, 84000, 104804, 25059, 95770, 96519, 64498, 0, 55785, 87200, 18439, 81215, 26000, 67082, 40496, 8485, 69856, 65391, 60530, 48000, 107628, 66030, 48041, 77201, 83546, 12000, 20000, 34928, 18000, 93914, 2828, 60299, 28635, 2000, 102800, 69339, 59396, 38000 | 26683, 109288, 74000, 78587, 85041, 84308, 56639, 30463, 86209, 82462, 43908, 14142, 32802, 46818, 66753, 18000, 38052, 54918, 96208, 30528, 43908, 44045, 48373, 70000, 94021, 41231, 33105, 93380, 41231, 67082, 72801, 90553, 55785, 0, 67911, 59363, 78102, 58137, 90354, 65604, 60530, 82219, 79120, 87132, 15231, 89844, 97652, 83546, 76419, 76026, 59933, 63812, 66483, 38626, 63529, 53366, 20880, 77175, 57723, 96332, 52153, 57271, 74966 | 60827, 81608, 8944, 37363, 72027, 20000, 64404, 38209, 22360, 49030, 47201, 68029, 53814, 22000, 99297, 50596, 33286, 71693, 82097, 50990, 28635, 87726, 71610, 58855, 33286, 28000, 53851, 26000, 62481, 15231, 10198, 63150, 87200, 67911, 0, 74242, 23323, 66211, 59665, 57723, 95603, 43680, 44721, 62513, 56462, 22360, 73348, 72111, 26000, 17204, 80622, 76967, 64560, 73539, 17204, 86833, 47074, 86023, 88814, 31048, 18439, 29732, 71386 | 80324, 59228, 83186, 53254, 32557, 94021, 10000, 62128, 77794, 47539, 28635, 72470, 30594, 67082, 27202, 51923, 48373, 4472, 41231, 77665, 72249, 30594, 11313, 25298, 78409, 66272, 82000, 89196, 18973, 84758, 84095, 46173, 18439, 59363, 74242, 0, 65053, 8485, 48662, 22360, 26000, 51884, 47413, 42190, 47539, 93230, 48373, 30594, 60827, 68117, 7211, 4472, 16492, 22803, 83522, 20099, 57271, 17888, 18973, 86371, 57584, 44944, 20396 | 78000, 59228, 29120, 16124, 53851, 36000, 55172, 52497, 12806, 28071, 43863, 82000, 54405, 39446, 92021, 60133, 40049, 63780, 62513, 68876, 47707, 85883, 66030, 43908, 16124, 44721, 72470, 24413, 59059, 38470, 31622, 42000, 81215, 78102, 23323, 65053, 0, 56568, 38052, 44407, 89643, 22000, 24331, 42190, 64031, 31048, 52038, 54405, 4472, 6324, 72138, 66603, 51613, 71554, 40496, 81608, 58855, 72718, 82462, 21633, 27202, 23409, 56356 | 76967, 55027, 75153, 44944, 28635, 85883, 2000, 56885, 69310, 39849, 22000, 70455, 26832, 60299, 35608, 48332, 42000, 8246, 38832, 73375, 66000, 36000, 14142, 18110, 70000, 60000, 77794, 80721, 16970, 77201, 76157, 40049, 26000, 58137, 66211, 8485, 56568, 0, 42047, 14560, 34000, 43863, 39395, 36055, 44944, 84876, 43680, 26832, 52345, 59665, 15620, 10770, 10198, 25298, 76157, 27202, 53141, 22090, 26832, 77897, 50000, 36715, 17204 | 100498, 22360, 66753, 22360, 21260, 74027, 42000, 74966, 48373, 10770, 46518, 99297, 58309, 68264, 74000, 74886, 58000, 50159, 26000, 93380, 76550, 78025, 56000, 24000, 42379, 71610, 97672, 59228, 54918, 74726, 69050, 4472, 67082, 90354, 59665, 48662, 38052, 42047, 0, 28071, 74215, 16124, 15231, 7211, 75179, 68264, 14000, 22803, 34234, 44181, 55317, 47539, 32249, 66272, 75894, 68731, 76837, 46647, 67468, 52497, 53851, 38418, 30463 | 80448, 43908, 66483, 31240, 20000, 76550, 14142, 57271, 57201, 25298, 22803, 76367, 32802, 56568, 49396, 52497, 40496, 22803, 31622, 75179, 63560, 50159, 28071, 4472, 56639, 57723, 79649, 68818, 27202, 70455, 67911, 26683, 40496, 65604, 57723, 22360, 44407, 14560, 28071, 0, 48332, 29529, 25059, 22803, 50990, 74242, 32249, 18867, 40000, 48373, 29529, 22803, 7211, 38209, 70114, 41761, 56035, 28635, 41231, 65115, 44000, 28284, 14000 | 86023, 82024, 104403, 78892, 56142, 115602, 34985, 74726, 102176, 73539, 48414, 74672, 43863, 84095, 6324, 60827, 65299, 26076, 62289, 86371, 87315, 17088, 24083, 51264, 103730, 81706, 90199, 113278, 33286, 103942, 104861, 71386, 8485, 60530, 95603, 26000, 89643, 34000, 74215, 48332, 0, 77820, 73348, 67468, 54332, 116103, 72111, 54147, 85603, 92021, 18973, 26683, 42379, 24738, 102000, 8944, 67082, 32557, 7211, 111211, 77665, 67882, 44407 | 88814, 37947, 50635, 6324, 33105, 58000, 43081, 62801, 32984, 6324, 40199, 89442, 52345, 54037, 78892, 65391, 46647, 52000, 40792, 80919, 62481, 78102, 56320, 27202, 28844, 58000, 85041, 44271, 52345, 58821, 52952, 20000, 69856, 82219, 43680, 51884, 22000, 43863, 16124, 29529, 77820, 0, 4472, 20396, 67052, 52611, 30066, 34000, 18110, 28071, 59059, 52153, 36055, 64776, 60166, 70936, 66241, 55172, 70682, 38470, 39698, 26076, 38209 | 86833, 37576, 52153, 8246, 29732, 60133, 38626, 60959, 36055, 4472, 36496, 86833, 48662, 53254, 74431, 62609, 44407, 47539, 38209, 79246, 61611, 73756, 51923, 22803, 32802, 56850, 83450, 47539, 48166, 59665, 54332, 18439, 65391, 79120, 44721, 47413, 24331, 39395, 15231, 25059, 73348, 4472, 0, 18000, 63906, 55317, 28635, 30463, 20099, 30066, 54589, 47707, 31622, 60530, 60728, 66483, 63812, 50990, 66211, 42190, 38832, 24083, 34058 | 99035, 22627, 70114, 26076, 14142, 78102, 36221, 74027, 53366, 14142, 43266, 96829, 54589, 68876, 67052, 72470, 56850, 44000, 20396, 92455, 76941, 72027, 50159, 18439, 48332, 71693, 96829, 64560, 50000, 77278, 72249, 4000, 60530, 87132, 62513, 42190, 42190, 36055, 7211, 22803, 67468, 20396, 18000, 0, 72111, 72993, 11661, 15620, 38052, 48041, 48662, 40792, 26000, 60827, 78102, 62289, 74966, 39446, 60827, 58309, 54626, 38470, 23409 | 32984, 94403, 63529, 63560, 70710, 74431, 43266, 22803, 72993, 67230, 28844, 25612, 18439, 37202, 60133, 7211, 24331, 43081, 82073, 32062, 36878, 39849, 37363, 55317, 80099, 32557, 36000, 81043, 28635, 58412, 62769, 75471, 48000, 15231, 56462, 47539, 64031, 44944, 75179, 50990, 54332, 67052, 63906, 72111, 0, 78790, 82800, 69310, 62032, 62513, 49477, 52000, 52497, 30000, 55317, 46043, 13416, 65391, 50000, 83186, 39293, 42426, 61220 | 80000, 88090, 16124, 47074, 84899, 10000, 83234, 59665, 20000, 58855, 67882, 88814, 75604, 43174, 119331, 72801, 55569, 91214, 93380, 70000, 48166, 109343, 92021, 74323, 29120, 49030, 72111, 11661, 83450, 26305, 18000, 72443, 107628, 89844, 22360, 93230, 31048, 84876, 68264, 74242, 116103, 52611, 55317, 72993, 78790, 0, 82219, 85440, 35440, 26000, 100000, 95414, 81412, 95015, 30265, 107517, 68963, 102859, 109123, 20591, 40496, 48414, 86925 | 110453, 11661, 80622, 36221, 16000, 88022, 44271, 85603, 62289, 24331, 54037, 107814, 64899, 80498, 70710, 83546, 68410, 50990, 14142, 104019, 88588, 78917, 57723, 27784, 55785, 83354, 108406, 72993, 59093, 88294, 82873, 10198, 66030, 97652, 73348, 48373, 52038, 43680, 14000, 32249, 72111, 30066, 28635, 11661, 82800, 82219, 0, 18000, 48166, 58137, 54037, 46043, 33526, 68963, 89286, 68117, 86278, 41231, 66000, 65969, 66211, 50119, 28071 | 99297, 28635, 80399, 38626, 2000, 89442, 27784, 76026, 66483, 27784, 41617, 94847, 50911, 74215, 52952, 71217, 59093, 33526, 12806, 94021, 81608, 61188, 40496, 15231, 62769, 75894, 98488, 78000, 43266, 86023, 82219, 18867, 48041, 83546, 72111, 30594, 54405, 26832, 22803, 18867, 54147, 34000, 30463, 15620, 69310, 85440, 18000, 0, 50000, 59665, 36055, 28071, 17204, 52000, 86209, 50159, 74886, 24166, 48000, 72470, 60827, 44407, 10198 | 77820, 55785, 32557, 12000, 49477, 40049, 50990, 52000, 17204, 24000, 40496, 81043, 51419, 40000, 87863, 58549, 38470, 59665, 58309, 68963, 48414, 82292, 62128, 39446, 18973, 44944, 72718, 28844, 55461, 41231, 34928, 38052, 77201, 76419, 26000, 60827, 4472, 52345, 34234, 40000, 85603, 18110, 20099, 38052, 62032, 35440, 48166, 50000, 0, 10000, 67941, 62289, 47201, 68029, 42941, 77665, 57723, 68264, 78409, 25612, 26832, 20396, 51884 | 74000, 65513, 22803, 22000, 59228, 30066, 58137, 49030, 10770, 34000, 44944, 78917, 54626, 34928, 94762, 58034, 38209, 66483, 68264, 64621, 42941, 87132, 68117, 48332, 18439, 40496, 68029, 21260, 60464, 32249, 25298, 48041, 83546, 76026, 17204, 68117, 6324, 59665, 44181, 48373, 92021, 28071, 30066, 48041, 62513, 26000, 58137, 59665, 10000, 0, 75073, 70000, 55569, 72718, 34409, 83737, 56142, 76941, 84899, 20880, 24083, 24413, 60926 | 82462, 64498, 89554, 60464, 38052, 100498, 16970, 66030, 84852, 54626, 34176, 73539, 34000, 72277, 20000, 54589, 53366, 8944, 45607, 80622, 76941, 26000, 12165, 32310, 85603, 71021, 84852, 96208, 22000, 90620, 90354, 52611, 12000, 59933, 80622, 7211, 72138, 15620, 55317, 29529, 18973, 59059, 54589, 48662, 49477, 100000, 54037, 36055, 67941, 75073, 0, 8000, 23409, 21633, 89196, 14142, 60299, 18439, 12165, 93509, 63560, 51613, 26000 | 84758, 56568, 85906, 54037, 30066, 96602, 12649, 66272, 79397, 47413, 32249, 76941, 34928, 70710, 26832, 56320, 52153, 8944, 37947, 82000, 76105, 33526, 15620, 25059, 79397, 70114, 86348, 90906, 23409, 87931, 86925, 44721, 20000, 63812, 76967, 4472, 66603, 10770, 47539, 22803, 26683, 52153, 47707, 40792, 52000, 95414, 46043, 28071, 62289, 70000, 8000, 0, 16124, 26907, 86833, 22090, 61611, 13416, 20099, 87681, 60728, 47413, 18000 | 83354, 44944, 73375, 38209, 18867, 83570, 10770, 61351, 64404, 31304, 26000, 78102, 34058, 62128, 42941, 54918, 45122, 18000, 29732, 78790, 68731, 46043, 24331, 8944, 63655, 62801, 83258, 76026, 26076, 76941, 74726, 30000, 34928, 66483, 64560, 16492, 51613, 10198, 32249, 7211, 42379, 36055, 31622, 26000, 52497, 81412, 33526, 17204, 47201, 55569, 23409, 16124, 0, 35440, 76419, 36496, 59059, 21540, 35440, 72249, 50159, 34928, 8944 | 62513, 80324, 82073, 64031, 53851, 93380, 24738, 50000, 83354, 62128, 27784, 52497, 20000, 60033, 30265, 36221, 41617, 18867, 63529, 62032, 62769, 14422, 11661, 42426, 86925, 57271, 66000, 93744, 12649, 80448, 82219, 64776, 18000, 38626, 73539, 22803, 71554, 25298, 66272, 38209, 24738, 64776, 60530, 60827, 30000, 95015, 68963, 52000, 68029, 72718, 21633, 26907, 35440, 0, 78230, 16124, 42426, 39698, 20000, 93059, 55172, 48373, 42047 | 50159, 98081, 15231, 53851, 86371, 22090, 74215, 33286, 38418, 65145, 55027, 60166, 58309, 18439, 106451, 48414, 36715, 80324, 97015, 40199, 19697, 91607, 78790, 72000, 49678, 22803, 42000, 38626, 68876, 4000, 12649, 79120, 93914, 63529, 17204, 83522, 40496, 76157, 75894, 70114, 102000, 60166, 60728, 78102, 55317, 30265, 89286, 86209, 42941, 34409, 89196, 86833, 76419, 78230, 0, 93059, 43266, 97324, 95707, 45650, 26305, 42000, 84095 | 78230, 78638, 95603, 71554, 52153, 106826, 27856, 65969, 94021, 67052, 39698, 67468, 34928, 75153, 14142, 52345, 56356, 18973, 59665, 78102, 78434, 12806, 15620, 45122, 96041, 72801, 82024, 104995, 24413, 95015, 96020, 66272, 2828, 53366, 86833, 20099, 81608, 27202, 68731, 41761, 8944, 70936, 66483, 62289, 46043, 107517, 68117, 50159, 77665, 83737, 14142, 22090, 36496, 16124, 93059, 0, 58549, 31304, 4472, 103227, 68818, 59464, 40049 | 24413, 97590, 53141, 61741, 76026, 63560, 51264, 10000, 66000, 67675, 33286, 23409, 26683, 26000, 72691, 6324, 19697, 52952, 87658, 20396, 24083, 53141, 48166, 60000, 74431, 20591, 24738, 72691, 38470, 46647, 52000, 77897, 60299, 20880, 47074, 57271, 58855, 53141, 76837, 56035, 67082, 66241, 63812, 74966, 13416, 68963, 86278, 74886, 57723, 56142, 60299, 61611, 59059, 42426, 43266, 58549, 0, 74726, 62289, 76026, 32062, 40249, 68000 | 98081, 50159, 94868, 58412, 26000, 105109, 24083, 78917, 85440, 49517, 44045, 90354, 48083, 82097, 30000, 69570, 64031, 22360, 30000, 95078, 88022, 43908, 28844, 28844, 83737, 82024, 99458, 97097, 36769, 98061, 96166, 42941, 28635, 77175, 86023, 17888, 72718, 22090, 46647, 28635, 32557, 55172, 50990, 39446, 65391, 102859, 41231, 24166, 68264, 76941, 18439, 13416, 21540, 39698, 97324, 31304, 74726, 0, 27856, 92800, 71021, 56320, 16970 | 82389, 76236, 97652, 71693, 50000, 108811, 27784, 69426, 95015, 66483, 41617, 71805, 37947, 78000, 10770, 56142, 59093, 18867, 56885, 82024, 81608, 16970, 17204, 44271, 96519, 75894, 86000, 106150, 26832, 97529, 98183, 64776, 2000, 57723, 88814, 18973, 82462, 26832, 67468, 41231, 7211, 70682, 66211, 60827, 50000, 109123, 66000, 48000, 78409, 84899, 12165, 20099, 35440, 20000, 95707, 4472, 62289, 27856, 0, 104019, 71021, 60827, 38052 | 91782, 70256, 30528, 34409, 71554, 30000, 76576, 68117, 10198, 44721, 65299, 98183, 75392, 52611, 113454, 78409, 58855, 85276, 78434, 82000, 59665, 107424, 87658, 64031, 10198, 58549, 84899, 8944, 80622, 42190, 33286, 56920, 102800, 96332, 31048, 86371, 21633, 77897, 52497, 65115, 111211, 38470, 42190, 58309, 83186, 20591, 65969, 72470, 25612, 20880, 93509, 87681, 72249, 93059, 45650, 103227, 76026, 92800, 104019, 0, 44181, 44721, 76026 | 50990, 76157, 26907, 33941, 61188, 38209, 48083, 25298, 34058, 43266, 29529, 54918, 35383, 14422, 81633, 34234, 15231, 54626, 72277, 42190, 22803, 69310, 53851, 46173, 42426, 18439, 46043, 41761, 44407, 27202, 27202, 56356, 69339, 52153, 18439, 57584, 27202, 50000, 53851, 44000, 77665, 39698, 38832, 54626, 39293, 40496, 66211, 60827, 26832, 24083, 63560, 60728, 50159, 55172, 26305, 68818, 32062, 71021, 71021, 44181, 0, 16492, 58000 | 62801, 60464, 38626, 21540, 44721, 49193, 34985, 36878, 34985, 28284, 20591, 63560, 31048, 30463, 70936, 39849, 20591, 42801, 55785, 55172, 38470, 62769, 43863, 30000, 39293, 33286, 59396, 45607, 36055, 42190, 39849, 40496, 59396, 57271, 29732, 44944, 23409, 36715, 38418, 28284, 67882, 26076, 24083, 38470, 42426, 48414, 50119, 44407, 20396, 24413, 51613, 47413, 34928, 48373, 42000, 59464, 40249, 56320, 60827, 44721, 16492, 0, 42190 | 92282, 38832, 80049, 41617, 12165, 89844, 18439, 70228, 68963, 32557, 34928, 86833, 42801, 70455, 43680, 63812, 53851, 23409, 21633, 87726, 77278, 50990, 30463, 12649, 66843, 71386, 92195, 80622, 34058, 84380, 81584, 27202, 38000, 74966, 71386, 20396, 56356, 17204, 30463, 14000, 44407, 38209, 34058, 23409, 61220, 86925, 28071, 10198, 51884, 60926, 26000, 18000, 8944, 42047, 84095, 40049, 68000, 16970, 38052, 76026, 58000, 42190, 0 |];
lower_b = 243310;
upper_b = 6247089;
