n = 64;
m = 9;
q = 100;
d = [0, 10, 15, 23, 23, 24, 17, 1, 4, 2, 5, 18, 9, 8, 23, 13, 4, 18, 16, 26, 16, 4, 23, 8, 26, 16, 5, 2, 21, 23, 8, 5, 8, 26, 12, 8, 3, 8, 19, 16, 2, 3, 17, 7, 5, 8, 4, 12, 19, 19, 26, 24, 5, 8, 22, 9, 18, 19, 15, 5, 11, 12, 54, 8];
c = [| 0, 62481, 96000, 48373, 68117, 76236, 5656, 108756, 75286, 50159, 12806, 43863, 61741, 34985, 69426, 35383, 75153, 59665, 50159, 50635, 46690, 95268, 62801, 59228, 58137, 21633, 86278, 67941, 69339, 22803, 57688, 79120, 47539, 29732, 60530, 86278, 99538, 61611, 42379, 88566, 99538, 22627, 38000, 63812, 87817, 31622, 77665, 91760, 33526, 78000, 87361, 50990, 31240, 45650, 76000, 74672, 27784, 49517, 88022, 75286, 70682, 49193, 48703, 88566 | 62481, 0, 73756, 24083, 52153, 55317, 56850, 52952, 76967, 45122, 63529, 18867, 16124, 66753, 12165, 27784, 84758, 2828, 36055, 41231, 40447, 36055, 33105, 40249, 74966, 41036, 25059, 10198, 10198, 39698, 17888, 44407, 60299, 39849, 44721, 24413, 52952, 39446, 27202, 41231, 52952, 68352, 48041, 8485, 36221, 33105, 73430, 88204, 38832, 36715, 50119, 39293, 74726, 26000, 60000, 37202, 76550, 13416, 66483, 41231, 81608, 70114, 32557, 75286 | 96000, 73756, 0, 59093, 28284, 20880, 92086, 58137, 32557, 46173, 86371, 73348, 89643, 68410, 63655, 74000, 42520, 74027, 104709, 46690, 50635, 63906, 106018, 39849, 51107, 85906, 68963, 65053, 82024, 83952, 57688, 29732, 51419, 68731, 36878, 71693, 38209, 38626, 91235, 41231, 38209, 81584, 58000, 82219, 48332, 72277, 25612, 27202, 64776, 38418, 26832, 47074, 79699, 60166, 20000, 36769, 85440, 71693, 8246, 32557, 43863, 56462, 52497, 12806 | 48373, 24083, 59093, 0, 32802, 38470, 42941, 60464, 54918, 21540, 45254, 14422, 35777, 43680, 24166, 16000, 61741, 22360, 46043, 17888, 16492, 48166, 49678, 20000, 50990, 30594, 41182, 23409, 34234, 28635, 10000, 34058, 36221, 19798, 24083, 42047, 51923, 20591, 32249, 40496, 51923, 47707, 24331, 31048, 39446, 17088, 52497, 67941, 17204, 30594, 42000, 16124, 52801, 2828, 41617, 28071, 55569, 14422, 50990, 30066, 58309, 46043, 8944, 57201 | 68117, 52153, 28284, 32802, 0, 8246, 64000, 59093, 26305, 18000, 59228, 47201, 66843, 43908, 44944, 46518, 36000, 51613, 78816, 18439, 22360, 56320, 82024, 12806, 34000, 57723, 56320, 45694, 61773, 55785, 34409, 19697, 27202, 40447, 8944, 58549, 41617, 12806, 64899, 36055, 41617, 55713, 30265, 60464, 40792, 44271, 21540, 36055, 36496, 26305, 25612, 18973, 55569, 33286, 8944, 22090, 60827, 46690, 20099, 18439, 34234, 35383, 25059, 24413 | 76236, 55317, 20880, 38470, 8246, 0, 72027, 54405, 28284, 26076, 67468, 52839, 70710, 51884, 46647, 53141, 38832, 55172, 84380, 26076, 30066, 54037, 86556, 18973, 40000, 65115, 55785, 47707, 64404, 63150, 38209, 16000, 34985, 48166, 16124, 58240, 35777, 17888, 70710, 32249, 35777, 63906, 38470, 63780, 38000, 51419, 22000, 34176, 44181, 24331, 19697, 26305, 63529, 39395, 6000, 20880, 68876, 51613, 12649, 16492, 37947, 42520, 31622, 20000 | 5656, 56850, 92086, 42941, 64000, 72027, 0, 103247, 72801, 46000, 13416, 38209, 56462, 34058, 63780, 29732, 73430, 54037, 46000, 46173, 42190, 89643, 58309, 54589, 56603, 16124, 80622, 62289, 63812, 17204, 52153, 74215, 44944, 24738, 56142, 80622, 94339, 56885, 37363, 83258, 94339, 23323, 34234, 58309, 82365, 26076, 74726, 89196, 28635, 72801, 82462, 46389, 32249, 40249, 72111, 69570, 29732, 43863, 84023, 70342, 68963, 47707, 43680, 85158 | 108756, 52952, 58137, 60464, 59093, 54405, 103247, 0, 82462, 68410, 105261, 67230, 66030, 98081, 41761, 74242, 93145, 55317, 88362, 65299, 67941, 18110, 82097, 57201, 93037, 89442, 30066, 43680, 54000, 87658, 51107, 39395, 83761, 80000, 59363, 32249, 20000, 54405, 80049, 23323, 20000, 106075, 79246, 58137, 21260, 77175, 75709, 84095, 76837, 34409, 34928, 63780, 109123, 63245, 60166, 38832, 113172, 62032, 56142, 41182, 92347, 93295, 62289, 68117 | 75286, 76967, 32557, 54918, 26305, 28284, 72801, 82462, 0, 34058, 63560, 68410, 90553, 42190, 70880, 65053, 10770, 76026, 99035, 37202, 39698, 82024, 104403, 36769, 20396, 72111, 82607, 71470, 86925, 70455, 59093, 44181, 27856, 54405, 32310, 84852, 63245, 37947, 84899, 60530, 63245, 56320, 40496, 84970, 66121, 60959, 7211, 16492, 51224, 52000, 47539, 38832, 52038, 54405, 22360, 48041, 58034, 69339, 28844, 44000, 11313, 28000, 46043, 20000 | 50159, 45122, 46173, 21540, 18000, 26076, 46000, 68410, 34058, 0, 41761, 34409, 57271, 29732, 42047, 31240, 40249, 43680, 65053, 4000, 5656, 60926, 70455, 11313, 30066, 40496, 57271, 42000, 55317, 38626, 28071, 31622, 16492, 22803, 10770, 58855, 54037, 14142, 50911, 45343, 54037, 39446, 12649, 52497, 47707, 27784, 32802, 48414, 18973, 34058, 39446, 6000, 41036, 20591, 26305, 29732, 45607, 35777, 38052, 28425, 36769, 26683, 12649, 40496 | 12806, 63529, 86371, 45254, 59228, 67468, 13416, 105261, 63560, 41761, 0, 44721, 65969, 22360, 68410, 35777, 62769, 60827, 58309, 43081, 39395, 93380, 70000, 52000, 45694, 26076, 85603, 67201, 71693, 26305, 55172, 72498, 36221, 25455, 52497, 86023, 94021, 54626, 48166, 83761, 94021, 10000, 29120, 66483, 84023, 30528, 66483, 80049, 28425, 72718, 80622, 43863, 18867, 42426, 66483, 68963, 16492, 50119, 78638, 68876, 58309, 36769, 43266, 78025 | 43863, 18867, 73348, 14422, 47201, 52839, 38209, 67230, 68410, 34409, 44721, 0, 24331, 50000, 26076, 8944, 74431, 16124, 31622, 31240, 28844, 52153, 36055, 34409, 62032, 22803, 42520, 24413, 27202, 21260, 18000, 47074, 46818, 22090, 38418, 42426, 62289, 34985, 17888, 50358, 62289, 50000, 32984, 22360, 47539, 14560, 66483, 82024, 22090, 42047, 54589, 29732, 56885, 14142, 56035, 40447, 58240, 5656, 65299, 43174, 70710, 55785, 22627, 71610 | 61741, 16124, 89643, 35777, 66843, 70710, 56462, 66030, 90553, 57271, 65969, 24331, 0, 74108, 27856, 32000, 97508, 15620, 22803, 53665, 52000, 48166, 17088, 54405, 86023, 40496, 36221, 26000, 12165, 39849, 32557, 60464, 70880, 46043, 58821, 34525, 68410, 54037, 20000, 56920, 68410, 72691, 57271, 8246, 51419, 38000, 87658, 102800, 46389, 52839, 66241, 51884, 80224, 36769, 75073, 53254, 80894, 21540, 82219, 57201, 94021, 80049, 44721, 90553 | 34985, 66753, 68410, 43680, 43908, 51884, 34058, 98081, 42190, 29732, 22360, 50000, 74108, 0, 67675, 42190, 40496, 64498, 72801, 32802, 30528, 89554, 82462, 41036, 23409, 40249, 84308, 67052, 76419, 39395, 53141, 60959, 17088, 28071, 39698, 85440, 83546, 43863, 60166, 75073, 83546, 14142, 19697, 72111, 77201, 36221, 46043, 58549, 28071, 63780, 68410, 34409, 11661, 41231, 49396, 59464, 17088, 54147, 61351, 58000, 36055, 14560, 37576, 58549 | 69426, 12165, 63655, 24166, 44944, 46647, 63780, 41761, 70880, 42047, 68410, 26076, 27856, 67675, 0, 34058, 79624, 14000, 48166, 38052, 38470, 26076, 44944, 34525, 72000, 48826, 17204, 2000, 18439, 47201, 14560, 33941, 58309, 43266, 38832, 17888, 40792, 32984, 38470, 29120, 40792, 71693, 48083, 19697, 24083, 38209, 66483, 80498, 41182, 25612, 38832, 36055, 76967, 26832, 51884, 26907, 79649, 20591, 56850, 31240, 76941, 68468, 30594, 66573 | 35383, 27784, 74000, 16000, 46518, 53141, 29732, 74242, 65053, 31240, 35777, 8944, 32000, 42190, 34058, 0, 70000, 25059, 34058, 28844, 25612, 60000, 41231, 34176, 56356, 15231, 50911, 32557, 36055, 13416, 23409, 50039, 41182, 14142, 37576, 50990, 67468, 35440, 20000, 55785, 67468, 41231, 26832, 31048, 53851, 6000, 64031, 79649, 15231, 46389, 58000, 27784, 48373, 14142, 55461, 44045, 49477, 14422, 65787, 46043, 66030, 49396, 21540, 70710 | 75153, 84758, 42520, 61741, 36000, 38832, 73430, 93145, 10770, 40249, 62769, 74431, 97508, 40496, 79624, 70000, 0, 83570, 104019, 43863, 45650, 92195, 110453, 45122, 17088, 75073, 92195, 80049, 94868, 73593, 67052, 54589, 29732, 58000, 40792, 94339, 74000, 46690, 90000, 71021, 74000, 54405, 43863, 92477, 76419, 65299, 17888, 20880, 55317, 62128, 58240, 45694, 48662, 60827, 32984, 58034, 54589, 76026, 39446, 54147, 4472, 26000, 52801, 29732 | 59665, 2828, 74027, 22360, 51613, 55172, 54037, 55317, 76026, 43680, 60827, 16124, 15620, 64498, 14000, 25059, 83570, 0, 34234, 39849, 38832, 38626, 32249, 39446, 73348, 38209, 27784, 12000, 12000, 36878, 17204, 44944, 58549, 37363, 43908, 27202, 54589, 38832, 24738, 42755, 54589, 65787, 46000, 8944, 38052, 30463, 72718, 87658, 36496, 37576, 50990, 37947, 72277, 24083, 59665, 37735, 74000, 10770, 66603, 41617, 80324, 68264, 31048, 75073 | 50159, 36055, 104709, 46043, 78816, 84380, 46000, 88362, 99035, 65053, 58309, 31622, 22803, 72801, 48166, 34058, 104019, 34234, 0, 62289, 59396, 70710, 13416, 66030, 89888, 32984, 58855, 46173, 34928, 33526, 47539, 77252, 74886, 46647, 70000, 57271, 88814, 66573, 14142, 76941, 88814, 67082, 60464, 30265, 72249, 38832, 97672, 113278, 48826, 70880, 84118, 60959, 75709, 45607, 87658, 70228, 74672, 33105, 96747, 73539, 100000, 82365, 54037, 103227 | 50635, 41231, 46690, 17888, 18439, 26076, 46173, 65299, 37202, 4000, 43081, 31240, 53665, 32802, 38052, 28844, 43863, 39849, 62289, 0, 4000, 57271, 67201, 8944, 34058, 39293, 53366, 38000, 51419, 37363, 24083, 29529, 20396, 22090, 10000, 54918, 51613, 11661, 48166, 42426, 51613, 41617, 14422, 48703, 44407, 26000, 35383, 50990, 18110, 31112, 37576, 2000, 43863, 17204, 27202, 26907, 48166, 32249, 38470, 26076, 40496, 30594, 8944, 42047 | 46690, 40447, 50635, 16492, 22360, 30066, 42190, 67941, 39698, 5656, 39395, 28844, 52000, 30528, 38470, 25612, 45650, 38832, 59396, 4000, 0, 59059, 64899, 12649, 34525, 35440, 54405, 38209, 50635, 33526, 24083, 33105, 20000, 18110, 14000, 55785, 54918, 15231, 45254, 45343, 54918, 38418, 11313, 47539, 46861, 22360, 38418, 54037, 14142, 34058, 41231, 4472, 41231, 15231, 31048, 30000, 45254, 30463, 42426, 29529, 42047, 30066, 8000, 45694 | 95268, 36055, 63906, 48166, 56320, 54037, 89643, 18110, 82024, 60926, 93380, 52153, 48166, 89554, 26076, 60000, 92195, 38626, 70710, 57271, 59059, 0, 64031, 50596, 88769, 74886, 12000, 27784, 36055, 73239, 38209, 38052, 77252, 67941, 53851, 14142, 28425, 48083, 63245, 22803, 28425, 95603, 69971, 40447, 16124, 63780, 76026, 87132, 65299, 30066, 37363, 55461, 99859, 50990, 60033, 34234, 103227, 46647, 59665, 38052, 90553, 87315, 52153, 71386 | 62801, 33105, 106018, 49678, 82024, 86556, 58309, 82097, 104403, 70455, 70000, 36055, 17088, 82462, 44944, 41231, 110453, 32249, 13416, 67201, 64899, 64031, 0, 69310, 97508, 44045, 52038, 43081, 28284, 44181, 48414, 77175, 82292, 55027, 73593, 50000, 85440, 69310, 22360, 74000, 85440, 78230, 68029, 25298, 68410, 46818, 102176, 117592, 56462, 69771, 83186, 65604, 86579, 50000, 90553, 69971, 86092, 35383, 98407, 73783, 106677, 90620, 58412, 106150 | 59228, 40249, 39849, 20000, 12806, 18973, 54589, 57201, 36769, 11313, 52000, 34409, 54405, 41036, 34525, 34176, 45122, 39446, 66030, 8944, 12649, 50596, 69310, 0, 38470, 46389, 48166, 34928, 50159, 44407, 22360, 20591, 26832, 30066, 4472, 50039, 42801, 2828, 52153, 34058, 42801, 50477, 23323, 48373, 36715, 32557, 33286, 48414, 26076, 22803, 28635, 8246, 52345, 20591, 21633, 18439, 56850, 33941, 31622, 17204, 42426, 36769, 12649, 37202 | 58137, 74966, 51107, 50990, 34000, 40000, 56603, 93037, 20396, 30066, 45694, 62032, 86023, 23409, 72000, 56356, 17088, 73348, 89888, 34058, 34525, 88769, 97508, 38470, 0, 59464, 86579, 72027, 85158, 58137, 58137, 53665, 15231, 43266, 34928, 88362, 75471, 40792, 76157, 69856, 75471, 37363, 29529, 82000, 74000, 51107, 26000, 36000, 41182, 59464, 59363, 36055, 32062, 49477, 35383, 55027, 38052, 64560, 45607, 52000, 12649, 8944, 42426, 39395 | 21633, 41036, 85906, 30594, 57723, 65115, 16124, 89442, 72111, 40496, 26076, 22803, 40496, 40249, 48826, 15231, 75073, 38209, 32984, 39293, 35440, 74886, 44045, 46389, 59464, 0, 65299, 47201, 47707, 2000, 38626, 64124, 45343, 17888, 49030, 65115, 82462, 48166, 22090, 70880, 82462, 34234, 31622, 42190, 69079, 14000, 72470, 87817, 21540, 61188, 72249, 38832, 42755, 28284, 66483, 58549, 42047, 28425, 77665, 60133, 70767, 51224, 34058, 80993 | 86278, 25059, 68963, 41182, 56320, 55785, 80622, 30066, 82607, 57271, 85603, 42520, 36221, 84308, 17204, 50911, 92195, 27784, 58855, 53366, 54405, 12000, 52038, 48166, 86579, 65299, 0, 18439, 24083, 63780, 31304, 40496, 73756, 60464, 52038, 2828, 37202, 46043, 52000, 28425, 37202, 88836, 64621, 28635, 21260, 55317, 77278, 89844, 58309, 31622, 42190, 51419, 93914, 43908, 61611, 34928, 96747, 36878, 63560, 39293, 90022, 83952, 46818, 74672 | 67941, 10198, 65053, 23409, 45694, 47707, 62289, 43680, 71470, 42000, 67201, 24413, 26000, 67052, 2000, 32557, 80049, 12000, 46173, 38000, 38209, 27784, 43081, 34928, 72027, 47201, 18439, 0, 16970, 45607, 14142, 35383, 58137, 42190, 39293, 18867, 42755, 33526, 36496, 31048, 42755, 70710, 47539, 17888, 26076, 36878, 67230, 81412, 40249, 27202, 40496, 36000, 76157, 26000, 52839, 28284, 78714, 18867, 58137, 32557, 77278, 68264, 30265, 67675 | 69339, 10198, 82024, 34234, 61773, 64404, 63812, 54000, 86925, 55317, 71693, 27202, 12165, 76419, 18439, 36055, 94868, 12000, 34928, 51419, 50635, 36055, 28284, 50159, 85158, 47707, 24083, 16970, 0, 46647, 27856, 52345, 70455, 49030, 54626, 22360, 57584, 49193, 30000, 46518, 57584, 77201, 58000, 5656, 40496, 41761, 83186, 97754, 48373, 44045, 57201, 49477, 83952, 36055, 69339, 45254, 85440, 22360, 75073, 49517, 91760, 80224, 42755, 84403 | 22803, 39698, 83952, 28635, 55785, 63150, 17204, 87658, 70455, 38626, 26305, 21260, 39849, 39395, 47201, 13416, 73593, 36878, 33526, 37363, 33526, 73239, 44181, 44407, 58137, 2000, 63780, 45607, 46647, 0, 36769, 62128, 43863, 16124, 47074, 63655, 80523, 46173, 22000, 68963, 80523, 34058, 30000, 41182, 67230, 12000, 70710, 86092, 19697, 59228, 70256, 36878, 42426, 26305, 64560, 56568, 42000, 26907, 75709, 58137, 69310, 50000, 32062, 79120 | 57688, 17888, 57688, 10000, 34409, 38209, 52153, 51107, 59093, 28071, 55172, 18000, 32557, 53141, 14560, 23409, 67052, 17204, 47539, 24083, 24083, 38209, 48414, 22360, 58137, 38626, 31304, 14142, 27856, 36769, 0, 29732, 44045, 29732, 26832, 32310, 44407, 21633, 34928, 32557, 44407, 57688, 33526, 26076, 30463, 26076, 55569, 70455, 27202, 24083, 36878, 22090, 62609, 12806, 42520, 22803, 65513, 14560, 50000, 26000, 64031, 54147, 16124, 58000 | 79120, 44407, 29732, 34058, 19697, 16000, 74215, 39395, 44181, 31622, 72498, 47074, 60464, 60959, 33941, 50039, 54589, 44944, 77252, 29529, 33105, 38052, 77175, 20591, 53665, 64124, 40496, 35383, 52345, 62128, 29732, 0, 45343, 49477, 21260, 43081, 22627, 17888, 64560, 16492, 22627, 71021, 43908, 52801, 22000, 50159, 38000, 49477, 45607, 8944, 8246, 28635, 72470, 36000, 22000, 7211, 77201, 44271, 23323, 4000, 53366, 54405, 30594, 34176 | 47539, 60299, 51419, 36221, 27202, 34985, 44944, 83761, 27856, 16492, 36221, 46818, 70880, 17088, 58309, 41182, 29732, 58549, 74886, 20396, 20000, 77252, 82292, 26832, 15231, 45343, 73756, 58137, 70455, 43863, 44045, 45343, 0, 28425, 24413, 75312, 67941, 29529, 61057, 60464, 67941, 30265, 14422, 67082, 63529, 36055, 30265, 44271, 26076, 49396, 52345, 22360, 28635, 34525, 32310, 44944, 34176, 49477, 44271, 42801, 25455, 10198, 28000, 42047 | 29732, 39849, 68731, 19798, 40447, 48166, 24738, 80000, 54405, 22803, 25455, 22090, 46043, 28071, 43266, 14142, 58000, 37363, 46647, 22090, 18110, 67941, 55027, 30066, 43266, 17888, 60464, 42190, 49030, 16124, 29732, 49477, 28425, 0, 32062, 61057, 69856, 32249, 33105, 59059, 69856, 28635, 14142, 44407, 58821, 8246, 54589, 69971, 4000, 48332, 57723, 22000, 34928, 16970, 49030, 44944, 36769, 26683, 60530, 45607, 53814, 35777, 18973, 63245 | 60530, 44721, 36878, 24083, 8944, 16124, 56142, 59363, 32310, 10770, 52497, 38418, 58821, 39698, 38832, 37576, 40792, 43908, 70000, 10000, 14000, 53851, 73593, 4472, 34928, 49030, 52038, 39293, 54626, 47074, 26832, 21260, 24413, 32062, 0, 54000, 43863, 6000, 56035, 36055, 43863, 50119, 23409, 52839, 39395, 35440, 28844, 44045, 28071, 25059, 28844, 10198, 51224, 24413, 17888, 20591, 56035, 38209, 28635, 18439, 38209, 34000, 16124, 33286 | 86278, 24413, 71693, 42047, 58549, 58240, 80622, 32249, 84852, 58855, 86023, 42426, 34525, 85440, 17888, 50990, 94339, 27202, 57271, 54918, 55785, 14142, 50000, 50039, 88362, 65115, 2828, 18867, 22360, 63655, 32310, 43081, 75312, 61057, 54000, 0, 40000, 48000, 50990, 31240, 40000, 89554, 65787, 27202, 24083, 55605, 79624, 92347, 59059, 34176, 44944, 52952, 94847, 44721, 64031, 37363, 97529, 36769, 66211, 41761, 92086, 85510, 48083, 77252 | 99538, 52952, 38209, 51923, 41617, 35777, 94339, 20000, 63245, 54037, 94021, 62289, 68410, 83546, 40792, 67468, 74000, 54589, 88814, 51613, 54918, 28425, 85440, 42801, 75471, 82462, 37202, 42755, 57584, 80523, 44407, 22627, 67941, 69856, 43863, 40000, 0, 40000, 78025, 12000, 0, 93230, 66030, 60166, 17088, 68963, 56320, 64124, 66211, 21540, 16124, 50477, 95015, 54405, 41231, 25059, 99639, 58034, 36221, 25612, 73539, 76837, 50990, 48166 | 61611, 39446, 38626, 20591, 12806, 17888, 56885, 54405, 37947, 14142, 54626, 34985, 54037, 43863, 32984, 35440, 46690, 38832, 66573, 11661, 15231, 48083, 69310, 2828, 40792, 48166, 46043, 33526, 49193, 46173, 21633, 17888, 29529, 32249, 6000, 48000, 40000, 0, 52839, 31240, 40000, 53254, 26076, 47707, 34000, 34234, 34000, 48826, 28284, 20000, 26000, 10770, 55172, 21540, 21260, 15620, 59665, 34058, 30463, 14422, 44181, 39395, 14142, 36878 | 42379, 27202, 91235, 32249, 64899, 70710, 37363, 80049, 84899, 50911, 48166, 17888, 20000, 60166, 38470, 20000, 90000, 24738, 14142, 48166, 45254, 63245, 22360, 52153, 76157, 22090, 52000, 36496, 30000, 22000, 34928, 64560, 61057, 33105, 56035, 50990, 78025, 52839, 0, 66030, 78025, 56035, 46647, 24413, 62128, 25059, 83546, 99156, 34985, 58855, 71805, 46861, 64280, 31622, 73783, 57723, 64000, 20396, 83186, 60728, 86023, 68876, 40000, 89308 | 88566, 41231, 41231, 40496, 36055, 32249, 83258, 23323, 60530, 45343, 83761, 50358, 56920, 75073, 29120, 55785, 71021, 42755, 76941, 42426, 45343, 22803, 74000, 34058, 69856, 70880, 28425, 31048, 46518, 68963, 32557, 16492, 60464, 59059, 36055, 31240, 12000, 31240, 66030, 0, 12000, 83737, 56639, 48703, 7211, 57584, 54147, 64498, 55569, 11313, 14560, 41036, 86278, 43081, 38209, 15620, 90553, 46043, 36878, 17888, 69856, 69971, 40496, 48662 | 99538, 52952, 38209, 51923, 41617, 35777, 94339, 20000, 63245, 54037, 94021, 62289, 68410, 83546, 40792, 67468, 74000, 54589, 88814, 51613, 54918, 28425, 85440, 42801, 75471, 82462, 37202, 42755, 57584, 80523, 44407, 22627, 67941, 69856, 43863, 40000, 0, 40000, 78025, 12000, 0, 93230, 66030, 60166, 17088, 68963, 56320, 64124, 66211, 21540, 16124, 50477, 95015, 54405, 41231, 25059, 99639, 58034, 36221, 25612, 73539, 76837, 50990, 48166 | 22627, 68352, 81584, 47707, 55713, 63906, 23323, 106075, 56320, 39446, 10000, 50000, 72691, 14142, 71693, 41231, 54405, 65787, 67082, 41617, 38418, 95603, 78230, 50477, 37363, 34234, 88836, 70710, 77201, 34058, 57688, 71021, 30265, 28635, 50119, 89554, 93230, 53254, 56035, 83737, 93230, 0, 27202, 72277, 84852, 35440, 60000, 72691, 30528, 72470, 78892, 42801, 8944, 44944, 62096, 68410, 8246, 55027, 74215, 67675, 50000, 28635, 43863, 72249 | 38000, 48041, 58000, 24331, 30265, 38470, 34234, 79246, 40496, 12649, 29120, 32984, 57271, 19697, 48083, 26832, 43863, 46000, 60464, 14422, 11313, 69971, 68029, 23323, 29529, 31622, 64621, 47539, 58000, 30000, 33526, 43908, 14422, 14142, 23409, 65787, 66030, 26076, 46647, 56639, 66030, 27202, 0, 54147, 58137, 21633, 41231, 56356, 11661, 45343, 51884, 15620, 30000, 22090, 38000, 41231, 33941, 36221, 50039, 40496, 39698, 22803, 17888, 50990 | 63812, 8485, 82219, 31048, 60464, 63780, 58309, 58137, 84970, 52497, 66483, 22360, 8246, 72111, 19697, 31048, 92477, 8944, 30265, 48703, 47539, 40447, 25298, 48373, 82000, 42190, 28635, 17888, 5656, 41182, 26076, 52801, 67082, 44407, 52839, 27202, 60166, 47707, 24413, 48703, 60166, 72277, 54147, 0, 43174, 36878, 81633, 96519, 44045, 44944, 58309, 46818, 79246, 32557, 68410, 45607, 80523, 18000, 74966, 49678, 89196, 76655, 39849, 83737 | 87817, 36221, 48332, 39446, 40792, 38000, 82365, 21260, 66121, 47707, 84023, 47539, 51419, 77201, 24083, 53851, 76419, 38052, 72249, 44407, 46861, 16124, 68410, 36715, 74000, 69079, 21260, 26076, 40496, 67230, 30463, 22000, 63529, 58821, 39395, 24083, 17088, 34000, 62128, 7211, 17088, 84852, 58137, 43174, 0, 56356, 60000, 71021, 55605, 14560, 21540, 42801, 88090, 42190, 44000, 18973, 92021, 42755, 43680, 22360, 74966, 73348, 41036, 55317 | 31622, 33105, 72277, 17088, 44271, 51419, 26076, 77175, 60959, 27784, 30528, 14560, 38000, 36221, 38209, 6000, 65299, 30463, 38832, 26000, 22360, 63780, 46818, 32557, 51107, 14000, 55317, 36878, 41761, 12000, 26076, 50159, 36055, 8246, 35440, 55605, 68963, 34234, 25059, 57584, 68963, 35440, 21633, 36878, 56356, 0, 60464, 76026, 10000, 47539, 58309, 25298, 42426, 14560, 53141, 44721, 43680, 19697, 64031, 46173, 61220, 43863, 20099, 68029 | 77665, 73430, 25612, 52497, 21540, 22000, 74726, 75709, 7211, 32802, 66483, 66483, 87658, 46043, 66483, 64031, 17888, 72718, 97672, 35383, 38418, 76026, 102176, 33286, 26000, 72470, 77278, 67230, 83186, 70710, 55569, 38000, 30265, 54589, 28844, 79624, 56320, 34000, 83546, 54147, 56320, 60000, 41231, 81633, 60000, 60464, 0, 15620, 51107, 46173, 40792, 36769, 56568, 52345, 16000, 42426, 62513, 66843, 21633, 38209, 18439, 32557, 43863, 13416 | 91760, 88204, 27202, 67941, 36055, 34176, 89196, 84095, 16492, 48414, 80049, 82024, 102800, 58549, 80498, 79649, 20880, 87658, 113278, 50990, 54037, 87132, 117592, 48414, 36000, 87817, 89844, 81412, 97754, 86092, 70455, 49477, 44271, 69971, 44045, 92347, 64124, 48826, 99156, 64498, 64124, 72691, 56356, 96519, 71021, 76026, 15620, 0, 66573, 58240, 50159, 52345, 68029, 67882, 28635, 55027, 74027, 82219, 28000, 50596, 24331, 44181, 59396, 16000 | 33526, 38832, 64776, 17204, 36496, 44181, 28635, 76837, 51224, 18973, 28425, 22090, 46389, 28071, 41182, 15231, 55317, 36496, 48826, 18110, 14142, 65299, 56462, 26076, 41182, 21540, 58309, 40249, 48373, 19697, 27202, 45607, 26076, 4000, 28071, 59059, 66211, 28284, 34985, 55569, 66211, 30528, 11661, 44045, 55605, 10000, 51107, 66573, 0, 44721, 53851, 18000, 36055, 14422, 45122, 41231, 38470, 26076, 56568, 41761, 51224, 34176, 15231, 59464 | 78000, 36715, 38418, 30594, 26305, 24331, 72801, 34409, 52000, 34058, 72718, 42047, 52839, 63780, 25612, 46389, 62128, 37576, 70880, 31112, 34058, 30066, 69771, 22803, 59464, 61188, 31622, 27202, 44045, 59228, 24083, 8944, 49396, 48332, 25059, 34176, 21540, 20000, 58855, 11313, 21540, 72470, 45343, 44944, 14560, 47539, 46173, 58240, 44721, 0, 13416, 29732, 74966, 32984, 30265, 4472, 79246, 38470, 32249, 8000, 60530, 59059, 29529, 43081 | 87361, 50119, 26832, 42000, 25612, 19697, 82462, 34928, 47539, 39446, 80622, 54589, 66241, 68410, 38832, 58000, 58240, 50990, 84118, 37576, 41231, 37363, 83186, 28635, 59363, 72249, 42190, 40496, 57201, 70256, 36878, 8246, 52345, 57723, 28844, 44944, 16124, 26000, 71805, 14560, 16124, 78892, 51884, 58309, 21540, 58309, 40792, 50159, 53851, 13416, 0, 36769, 80000, 44045, 25298, 14142, 84876, 51419, 22360, 12165, 57584, 60959, 38832, 34234 | 50990, 39293, 47074, 16124, 18973, 26305, 46389, 63780, 38832, 6000, 43863, 29732, 51884, 34409, 36055, 27784, 45694, 37947, 60959, 2000, 4472, 55461, 65604, 8246, 36055, 38832, 51419, 36000, 49477, 36878, 22090, 28635, 22360, 22000, 10198, 52952, 50477, 10770, 46861, 41036, 50477, 42801, 15620, 46818, 42801, 25298, 36769, 52345, 18000, 29732, 36769, 0, 45343, 15620, 27856, 25612, 49517, 30528, 38832, 25059, 42379, 32557, 7211, 42941 | 31240, 74726, 79699, 52801, 55569, 63529, 32249, 109123, 52038, 41036, 18867, 56885, 80224, 11661, 76967, 48373, 48662, 72277, 75709, 43863, 41231, 99859, 86579, 52345, 32062, 42755, 93914, 76157, 83952, 42426, 62609, 72470, 28635, 34928, 51224, 94847, 95015, 55172, 64280, 86278, 95015, 8944, 30000, 79246, 88090, 42426, 56568, 68029, 36055, 74966, 80000, 45343, 0, 50159, 60926, 70710, 6000, 61611, 72801, 69426, 44407, 24083, 47707, 69426 | 45650, 26000, 60166, 2828, 33286, 39395, 40249, 63245, 54405, 20591, 42426, 14142, 36769, 41231, 26832, 14142, 60827, 24083, 45607, 17204, 15231, 50990, 50000, 20591, 49477, 28284, 43908, 26000, 36055, 26305, 12806, 36000, 34525, 16970, 24413, 44721, 54405, 21540, 31622, 43081, 54405, 44944, 22090, 32557, 42190, 14560, 52345, 67882, 14422, 32984, 44045, 15620, 50159, 0, 42190, 30265, 52839, 15231, 52000, 32000, 57271, 44181, 8485, 57688 | 76000, 60000, 20000, 41617, 8944, 6000, 72111, 60166, 22360, 26305, 66483, 56035, 75073, 49396, 51884, 55461, 32984, 59665, 87658, 27202, 31048, 60033, 90553, 21633, 35383, 66483, 61611, 52839, 69339, 64560, 42520, 22000, 32310, 49030, 17888, 64031, 41231, 21260, 73783, 38209, 41231, 62096, 38000, 68410, 44000, 53141, 16000, 28635, 45122, 30265, 25298, 27856, 60926, 42190, 0, 26683, 66483, 55317, 12165, 22360, 32310, 38832, 34000, 15620 | 74672, 37202, 36769, 28071, 22090, 20880, 69570, 38832, 48041, 29732, 68963, 40447, 53254, 59464, 26907, 44045, 58034, 37735, 70228, 26907, 30000, 34234, 69971, 18439, 55027, 58549, 34928, 28284, 45254, 56568, 22803, 7211, 44944, 44944, 20591, 37363, 25059, 15620, 57723, 15620, 25059, 68410, 41231, 45607, 18973, 44721, 42426, 55027, 41231, 4472, 14142, 25612, 70710, 30265, 26683, 0, 75073, 37363, 30000, 4472, 56320, 54589, 26000, 40249 | 27784, 76550, 85440, 55569, 60827, 68876, 29732, 113172, 58034, 45607, 16492, 58240, 80894, 17088, 79649, 49477, 54589, 74000, 74672, 48166, 45254, 103227, 86092, 56850, 38052, 42047, 96747, 78714, 85440, 42000, 65513, 77201, 34176, 36769, 56035, 97529, 99639, 59665, 64000, 90553, 99639, 8246, 33941, 80523, 92021, 43680, 62513, 74027, 38470, 79246, 84876, 49517, 6000, 52839, 66483, 75073, 0, 63245, 78434, 74027, 50358, 30066, 51224, 75312 | 49517, 13416, 71693, 14422, 46690, 51613, 43863, 62032, 69339, 35777, 50119, 5656, 21540, 54147, 20591, 14422, 76026, 10770, 33105, 32249, 30463, 46647, 35383, 33941, 64560, 28425, 36878, 18867, 22360, 26907, 14560, 44271, 49477, 26683, 38209, 36769, 58034, 34058, 20396, 46043, 58034, 55027, 36221, 18000, 42755, 19697, 66843, 82219, 26076, 38470, 51419, 30528, 61611, 15231, 55317, 37363, 63245, 0, 63812, 40496, 72498, 58855, 23323, 70936 | 88022, 66483, 8246, 50990, 20099, 12649, 84023, 56142, 28844, 38052, 78638, 65299, 82219, 61351, 56850, 65787, 39446, 66603, 96747, 38470, 42426, 59665, 98407, 31622, 45607, 77665, 63560, 58137, 75073, 75709, 50000, 23323, 44271, 60530, 28635, 66211, 36221, 30463, 83186, 36878, 36221, 74215, 50039, 74966, 43680, 64031, 21633, 28000, 56568, 32249, 22360, 38832, 72801, 52000, 12165, 30000, 78434, 63812, 0, 25612, 40000, 50119, 44271, 12000 | 75286, 41231, 32557, 30066, 18439, 16492, 70342, 41182, 44000, 28425, 68876, 43174, 57201, 58000, 31240, 46043, 54147, 41617, 73539, 26076, 29529, 38052, 73783, 17204, 52000, 60133, 39293, 32557, 49517, 58137, 26000, 4000, 42801, 45607, 18439, 41761, 25612, 14422, 60728, 17888, 25612, 67675, 40496, 49678, 22360, 46173, 38209, 50596, 41761, 8000, 12165, 25059, 69426, 32000, 22360, 4472, 74027, 40496, 25612, 0, 52611, 52153, 26683, 35777 | 70682, 81608, 43863, 58309, 34234, 37947, 68963, 92347, 11313, 36769, 58309, 70710, 94021, 36055, 76941, 66030, 4472, 80324, 100000, 40496, 42047, 90553, 106677, 42426, 12649, 70767, 90022, 77278, 91760, 69310, 64031, 53366, 25455, 53814, 38209, 92086, 73539, 44181, 86023, 69856, 73539, 50000, 39698, 89196, 74966, 61220, 18439, 24331, 51224, 60530, 57584, 42379, 44407, 57271, 32310, 56320, 50358, 72498, 40000, 52611, 0, 21540, 49396, 31240 | 49193, 70114, 56462, 46043, 35383, 42520, 47707, 93295, 28000, 26683, 36769, 55785, 80049, 14560, 68468, 49396, 26000, 68264, 82365, 30594, 30066, 87315, 90620, 36769, 8944, 51224, 83952, 68264, 80224, 50000, 54147, 54405, 10198, 35777, 34000, 85510, 76837, 39395, 68876, 69971, 76837, 28635, 22803, 76655, 73348, 43863, 32557, 44181, 34176, 59059, 60959, 32557, 24083, 44181, 38832, 54589, 30066, 58855, 50119, 52153, 21540, 0, 38052, 45607 | 48703, 32557, 52497, 8944, 25059, 31622, 43680, 62289, 46043, 12649, 43266, 22627, 44721, 37576, 30594, 21540, 52801, 31048, 54037, 8944, 8000, 52153, 58412, 12649, 42426, 34058, 46818, 30265, 42755, 32062, 16124, 30594, 28000, 18973, 16124, 48083, 50990, 14142, 40000, 40496, 50990, 43863, 17888, 39849, 41036, 20099, 43863, 59396, 15231, 29529, 38832, 7211, 47707, 8485, 34000, 26000, 51224, 23323, 44271, 26683, 49396, 38052, 0, 49396 | 88566, 75286, 12806, 57201, 24413, 20000, 85158, 68117, 20000, 40496, 78025, 71610, 90553, 58549, 66573, 70710, 29732, 75073, 103227, 42047, 45694, 71386, 106150, 37202, 39395, 80993, 74672, 67675, 84403, 79120, 58000, 34176, 42047, 63245, 33286, 77252, 48166, 36878, 89308, 48662, 48166, 72249, 50990, 83737, 55317, 68029, 13416, 16000, 59464, 43081, 34234, 42941, 69426, 57688, 15620, 40249, 75312, 70936, 12000, 35777, 31240, 45607, 49396, 0 |];
lower_b = 217512;
upper_b = 5769003;
