n = 61;
m = 9;
q = 100;
d = [0, 23, 17, 12, 6, 22, 3, 24, 24, 11, 7, 12, 8, 14, 20, 16, 16, 4, 9, 18, 14, 10, 19, 22, 19, 9, 18, 2, 18, 11, 19, 18, 15, 4, 12, 8, 18, 12, 72, 2, 5, 14, 11, 19, 16, 19, 3, 12, 10, 20, 7, 13, 16, 23, 22, 18, 6, 12, 27, 9, 15];
c = [| 0, 37735, 54918, 38470, 32984, 61220, 48166, 14000, 50990, 10000, 41761, 32557, 24738, 14422, 8246, 36055, 40000, 22360, 44944, 17088, 48414, 63150, 28071, 14000, 29732, 38832, 36055, 51419, 26076, 59093, 42190, 36055, 43863, 28635, 30000, 37947, 63560, 56320, 42755, 10198, 36769, 49517, 34000, 31304, 27202, 61188, 72111, 36055, 38470, 43863, 14560, 10770, 38626, 50990, 71217, 12806, 48166, 31304, 29732, 49477, 30265 | 37735, 0, 78638, 71386, 65604, 82000, 65969, 50159, 71386, 28635, 72443, 14000, 51107, 40000, 45650, 70342, 14422, 32310, 27202, 50000, 64560, 60827, 56603, 50159, 60827, 55317, 69656, 53254, 18973, 65513, 77794, 22360, 80919, 66241, 14560, 25612, 69339, 89106, 74966, 28425, 58309, 67911, 71693, 66483, 13416, 92347, 94148, 34000, 19798, 72027, 44045, 29732, 34234, 71386, 91214, 50000, 45607, 34234, 42755, 80399, 16124 | 54918, 78638, 0, 25298, 72718, 8246, 15231, 43863, 8944, 56462, 18973, 81608, 74966, 68410, 49678, 29732, 70028, 77175, 63150, 38418, 17888, 46690, 75286, 43863, 26907, 24083, 72470, 39446, 77252, 32557, 34234, 88022, 64031, 46518, 64280, 58309, 34409, 26000, 22360, 62609, 20396, 13416, 48703, 66241, 75286, 22803, 17204, 48373, 64124, 13416, 66603, 53851, 93059, 8944, 17204, 55172, 45694, 86092, 36055, 18110, 80324 | 38470, 71386, 25298, 0, 48414, 33526, 30594, 24738, 28000, 44045, 6324, 70000, 53254, 49396, 31048, 4472, 67230, 60166, 64899, 22000, 32984, 61741, 52497, 24738, 10770, 30528, 47707, 51107, 64124, 50000, 10770, 74431, 38832, 21633, 58821, 58309, 53366, 18000, 4472, 48166, 23323, 30265, 23409, 41617, 64031, 22803, 40496, 50000, 62609, 12165, 46518, 42190, 76655, 28000, 42047, 34000, 54037, 68963, 35608, 11661, 68029 | 32984, 65604, 72718, 48414, 0, 80622, 72111, 32557, 72498, 42379, 54405, 55172, 16124, 25612, 30000, 44045, 71554, 35608, 77794, 38832, 73375, 94085, 10770, 32557, 46518, 65513, 4472, 82097, 48083, 87475, 44045, 53254, 22000, 26907, 61741, 70880, 91782, 61220, 52497, 38470, 60728, 72801, 27202, 7211, 52497, 68117, 88814, 68731, 70936, 59363, 21633, 43680, 47539, 72498, 89888, 22000, 80099, 40249, 60033, 59464, 52345 | 61220, 82000, 8246, 33526, 80622, 0, 16124, 50990, 10770, 61773, 27202, 86162, 82219, 75073, 56568, 37947, 72249, 83234, 64124, 45254, 18000, 43266, 82800, 50990, 34409, 26683, 80498, 37947, 82292, 28844, 42426, 93037, 72277, 54626, 67468, 60033, 29732, 32984, 30594, 68264, 25059, 14142, 56920, 74242, 79849, 28635, 12165, 50039, 66121, 21540, 73539, 59059, 98792, 10770, 10000, 62481, 45122, 92086, 39293, 26000, 85088 | 48166, 65969, 15231, 30594, 72111, 16124, 0, 40249, 6324, 47201, 25298, 70682, 71021, 62481, 44944, 34234, 56142, 69426, 48373, 34000, 2828, 32802, 72470, 40249, 26305, 10770, 72801, 24413, 67230, 19697, 41231, 77897, 68029, 48373, 51419, 44000, 22803, 38418, 29732, 54037, 11661, 2000, 52038, 66483, 64404, 36878, 28284, 34000, 50039, 19697, 61611, 44407, 84403, 6324, 25298, 51884, 30463, 78102, 23409, 28844, 69771 | 14000, 50159, 43863, 24738, 32557, 50990, 40249, 0, 41617, 21540, 28635, 46389, 31240, 25059, 6324, 22090, 49678, 35440, 51613, 6324, 41231, 62032, 32249, 0, 17204, 32984, 34058, 50039, 40049, 54918, 28284, 50039, 35777, 16970, 40000, 44407, 59228, 42426, 29120, 24083, 28635, 41182, 22627, 28000, 40792, 47539, 60959, 39395, 46690, 31622, 22803, 20591, 51923, 41617, 60827, 11661, 49030, 44271, 28284, 36055, 44181 | 50990, 71386, 8944, 28000, 72498, 10770, 6324, 41617, 0, 51107, 22090, 75392, 72801, 65053, 46861, 32062, 62032, 72801, 54589, 35608, 8944, 38209, 73783, 41617, 26000, 16124, 72801, 30528, 71554, 24413, 38209, 82292, 66483, 47539, 56885, 50039, 26832, 33286, 26305, 57688, 14422, 4472, 50635, 66483, 69079, 31112, 22803, 40049, 56000, 16124, 63780, 48373, 88204, 0, 20591, 53254, 36769, 81608, 28635, 24166, 74323 | 10000, 28635, 56462, 44045, 42379, 61773, 47201, 21540, 51107, 0, 46173, 26076, 32000, 20099, 17204, 42426, 30000, 22803, 35440, 22090, 46861, 56920, 36221, 21540, 34058, 36878, 45694, 45694, 20880, 54918, 49477, 31622, 53814, 37735, 20000, 28635, 59363, 62032, 48000, 7211, 36715, 48826, 43266, 41182, 20000, 66121, 73348, 28284, 28635, 47074, 22090, 2828, 37202, 51107, 71693, 22803, 41231, 31112, 25612, 54147, 24331 | 41761, 72443, 18973, 6324, 54405, 27202, 25298, 28635, 22090, 46173, 0, 72249, 58412, 53665, 34928, 10770, 67052, 63906, 63529, 24738, 27856, 57306, 58000, 28635, 12165, 26907, 53851, 47201, 66753, 44944, 16124, 77278, 45122, 27784, 59228, 57271, 48083, 17088, 4472, 50990, 19798, 24738, 29732, 47707, 66121, 20000, 34409, 48373, 62032, 6000, 51107, 44045, 80324, 22090, 35777, 38832, 50911, 72801, 34000, 8000, 70455 | 32557, 14000, 81608, 70000, 55172, 86162, 70682, 46389, 75392, 26076, 72249, 0, 39698, 30000, 40792, 68117, 27202, 20000, 39395, 48000, 69771, 71217, 45343, 46389, 60133, 59933, 59464, 62225, 7211, 73756, 74672, 8944, 72718, 60728, 22803, 36055, 77897, 88000, 74027, 22360, 61351, 72498, 65787, 57201, 6324, 92195, 98081, 42426, 31304, 72993, 34409, 28284, 20396, 75392, 95854, 43081, 55317, 20396, 47413, 80224, 2828 | 24738, 51107, 74966, 53254, 16124, 82219, 71021, 31240, 72801, 32000, 58412, 39698, 0, 12165, 26076, 49396, 58821, 19798, 66753, 37202, 71693, 87863, 5656, 31240, 48083, 62609, 20591, 76157, 32802, 83570, 52000, 37202, 36878, 34176, 49477, 60299, 88022, 68876, 57688, 26305, 59363, 72111, 36878, 20396, 37735, 75179, 91934, 60133, 59228, 62289, 10198, 34058, 31622, 72801, 92021, 19798, 72691, 24166, 54405, 64899, 36878 | 14422, 40000, 68410, 49396, 25612, 75073, 62481, 25059, 65053, 20099, 53665, 30000, 12165, 0, 18867, 46173, 46818, 12165, 54589, 30000, 62801, 76655, 17088, 25059, 42190, 53254, 29732, 65145, 22803, 73348, 50635, 29732, 42941, 34000, 37363, 48166, 77820, 66483, 53851, 14142, 50990, 63780, 38209, 27202, 26907, 72111, 85603, 48373, 47074, 56603, 4472, 22360, 28071, 65053, 85041, 16124, 61188, 20099, 43863, 60926, 27202 | 8246, 45650, 49678, 31048, 30000, 56568, 44944, 6324, 46861, 17204, 34928, 40792, 26076, 18867, 0, 28284, 46690, 29120, 50119, 11313, 45650, 64124, 27856, 6324, 23323, 36769, 32249, 52153, 34234, 58240, 34058, 44000, 37202, 20591, 36769, 42941, 62641, 48662, 35440, 18439, 33286, 46043, 26076, 26683, 35440, 53851, 66843, 39293, 44407, 37735, 16970, 16970, 45607, 46861, 66483, 8000, 50159, 37947, 30066, 42379, 38470 | 36055, 70342, 29732, 4472, 44045, 37947, 34234, 22090, 32062, 42426, 10770, 68117, 49396, 46173, 28284, 0, 67082, 57271, 65604, 20396, 36496, 64621, 48414, 22090, 11313, 33105, 43266, 53665, 62000, 53366, 8485, 72111, 34525, 17204, 58309, 58821, 56885, 20396, 8485, 46000, 26000, 34058, 18973, 37202, 62289, 26000, 44944, 50990, 62769, 16492, 43081, 40792, 73756, 32062, 46518, 30463, 56035, 65969, 36769, 15620, 66030 | 40000, 14422, 70028, 67230, 71554, 72249, 56142, 49678, 62032, 30000, 67052, 27202, 58821, 46818, 46690, 67082, 0, 42190, 12806, 47707, 54332, 46861, 63906, 49678, 56462, 46000, 75179, 40249, 30066, 52801, 75179, 36055, 83737, 66603, 10000, 12649, 56356, 84118, 70228, 33105, 50358, 58137, 72249, 71021, 24083, 86348, 84380, 22360, 6324, 65513, 50159, 29732, 47539, 62032, 80894, 52801, 32249, 46173, 34234, 74726, 28635 | 22360, 32310, 77175, 60166, 35608, 83234, 69426, 35440, 72801, 22803, 63906, 20000, 19798, 12165, 29120, 57271, 42190, 0, 52153, 39395, 69310, 78790, 25455, 35440, 52000, 59396, 40000, 68000, 13416, 77665, 62289, 17888, 54626, 46043, 34058, 46690, 82097, 77665, 64560, 15620, 58412, 70936, 50358, 38470, 18973, 82969, 94339, 49396, 44045, 66211, 16492, 25612, 16492, 72801, 93230, 28000, 62769, 8944, 48414, 71470, 17204 | 44944, 27202, 63150, 64899, 77794, 64124, 48373, 51613, 54589, 35440, 63529, 39395, 66753, 54589, 50119, 65604, 12806, 52153, 0, 48166, 46173, 34409, 71386, 51613, 54405, 39293, 80993, 29120, 41231, 41761, 74027, 48332, 87132, 68410, 18110, 7211, 44944, 80498, 67230, 40447, 44944, 50358, 74027, 76157, 35440, 81706, 76026, 15231, 8246, 60926, 57271, 34176, 59464, 54589, 72027, 57271, 20880, 57271, 29529, 70682, 40496 | 17088, 50000, 38418, 22000, 38832, 45254, 34000, 6324, 35608, 22090, 24738, 48000, 37202, 30000, 11313, 20396, 47707, 39395, 48166, 0, 34928, 56142, 38470, 6324, 12649, 26683, 40199, 44181, 42190, 48662, 27856, 52611, 40496, 20591, 38470, 41036, 52952, 40000, 26076, 26305, 22360, 34985, 26076, 34058, 42047, 44407, 55605, 34985, 44045, 26832, 28284, 20396, 55713, 35608, 55172, 17888, 43680, 48332, 22803, 32557, 46043 | 48414, 64560, 17888, 32984, 73375, 18000, 2828, 41231, 8944, 46861, 27856, 69771, 71693, 62801, 45650, 36496, 54332, 69310, 46173, 34928, 0, 30000, 73348, 41231, 28071, 10000, 74215, 21633, 66573, 17088, 43680, 77175, 70000, 50159, 50000, 42047, 20396, 41231, 32310, 53814, 12649, 4472, 54000, 67911, 63529, 39698, 30066, 32062, 48166, 22360, 62128, 44045, 84023, 8944, 26683, 52801, 27856, 77897, 22360, 31622, 68963 | 63150, 60827, 46690, 61741, 94085, 43266, 32802, 62032, 38209, 56920, 57306, 71217, 87863, 76655, 64124, 64621, 46861, 78790, 34409, 56142, 30000, 0, 91082, 62032, 54405, 31622, 96000, 12000, 71021, 14422, 72498, 80000, 95707, 75312, 48414, 35383, 14560, 71217, 61773, 63906, 38626, 34058, 80049, 90022, 66030, 69310, 52801, 29529, 41036, 52153, 77665, 54405, 89888, 38209, 47539, 72111, 16124, 85883, 34058, 61611, 71610 | 28071, 56603, 75286, 52497, 10770, 82800, 72470, 32249, 73783, 36221, 58000, 45343, 5656, 17088, 27856, 48414, 63906, 25455, 71386, 38470, 73348, 91082, 0, 32249, 48414, 64621, 15231, 79246, 38418, 86023, 50119, 42801, 32249, 32249, 54405, 64776, 90443, 67230, 56850, 31048, 60827, 73430, 34176, 16000, 43266, 73783, 92021, 64000, 64031, 62289, 14142, 38052, 36769, 73783, 92455, 20591, 76236, 29529, 57271, 64031, 42520 | 14000, 50159, 43863, 24738, 32557, 50990, 40249, 0, 41617, 21540, 28635, 46389, 31240, 25059, 6324, 22090, 49678, 35440, 51613, 6324, 41231, 62032, 32249, 0, 17204, 32984, 34058, 50039, 40049, 54918, 28284, 50039, 35777, 16970, 40000, 44407, 59228, 42426, 29120, 24083, 28635, 41182, 22627, 28000, 40792, 47539, 60959, 39395, 46690, 31622, 22803, 20591, 51923, 41617, 60827, 11661, 49030, 44271, 28284, 36055, 44181 | 29732, 60827, 26907, 10770, 46518, 34409, 26305, 17204, 26000, 34058, 12165, 60133, 48083, 42190, 23323, 11313, 56462, 52000, 54405, 12649, 28071, 54405, 48414, 17204, 0, 22803, 46818, 43081, 54589, 44181, 19798, 65115, 42047, 22090, 48083, 47707, 48041, 28284, 14142, 38832, 16124, 26683, 26076, 40496, 54037, 32062, 43863, 39698, 51884, 14422, 40000, 32000, 68352, 26000, 44045, 28284, 44944, 60926, 25455, 20099, 58309 | 38832, 55317, 24083, 30528, 65513, 26683, 10770, 32984, 16124, 36878, 26907, 59933, 62609, 53254, 36769, 33105, 46000, 59396, 39293, 26683, 10000, 31622, 64621, 32984, 22803, 0, 66753, 20591, 56603, 22090, 41182, 67230, 64498, 44181, 40792, 34234, 26305, 42801, 31240, 43863, 7211, 12649, 48662, 60530, 53665, 42941, 38832, 24331, 40049, 22803, 52839, 34058, 74027, 16124, 36055, 44271, 24083, 67941, 12649, 32802, 59059 | 36055, 69656, 72470, 47707, 4472, 80498, 72801, 34058, 72801, 45694, 53851, 59464, 20591, 29732, 32249, 43266, 75179, 40000, 80993, 40199, 74215, 96000, 15231, 34058, 46818, 66753, 0, 84000, 52345, 88814, 42426, 57688, 18110, 26076, 65299, 74000, 93059, 59464, 51613, 42190, 61611, 73375, 25455, 6324, 56639, 66483, 88204, 71386, 74323, 59059, 25612, 46818, 52000, 72801, 89554, 24331, 82389, 44721, 62032, 58412, 56639 | 51419, 53254, 39446, 51107, 82097, 37947, 24413, 50039, 30528, 45694, 47201, 62225, 76157, 65145, 52153, 53665, 40249, 68000, 29120, 44181, 21633, 12000, 79246, 50039, 43081, 20591, 84000, 0, 61220, 12649, 61773, 70767, 83952, 63560, 39698, 27784, 16124, 62225, 51613, 52801, 27784, 26076, 68410, 78025, 56639, 61220, 49030, 19798, 34000, 42520, 65969, 43081, 80000, 30528, 44407, 60133, 8246, 75471, 22090, 52345, 62289 | 26076, 18973, 77252, 64124, 48083, 82292, 67230, 40049, 71554, 20880, 66753, 7211, 32802, 22803, 34234, 62000, 30066, 13416, 41231, 42190, 66573, 71021, 38418, 40049, 54589, 56603, 52345, 61220, 0, 72138, 68264, 10770, 65513, 53851, 23409, 36769, 76419, 82097, 68264, 16000, 57271, 68963, 58821, 50000, 6000, 86579, 94021, 41617, 32984, 67911, 27202, 23409, 18867, 71554, 92130, 36055, 54918, 16124, 44407, 74672, 4472 | 59093, 65513, 32557, 50000, 87475, 28844, 19697, 54918, 24413, 54918, 44944, 73756, 83570, 73348, 58240, 53366, 52801, 77665, 41761, 48662, 17088, 14422, 86023, 54918, 44181, 22090, 88814, 12649, 72138, 0, 60728, 82073, 86209, 66030, 51613, 40249, 4472, 57688, 49396, 62128, 28071, 20591, 70256, 82607, 67941, 55317, 38626, 31622, 46518, 39395, 73539, 52153, 90686, 24413, 33526, 65969, 20880, 85603, 29529, 48373, 73593 | 42190, 77794, 34234, 10770, 44045, 42426, 41231, 28284, 38209, 49477, 16124, 74672, 52000, 50635, 34058, 8485, 75179, 62289, 74027, 27856, 43680, 72498, 50119, 28284, 19798, 41182, 42426, 61773, 68264, 60728, 0, 78025, 30463, 17888, 66211, 67201, 64031, 17204, 12000, 52345, 34000, 40792, 16970, 36878, 69050, 24083, 47539, 59464, 71021, 22090, 47074, 48083, 78638, 38209, 50000, 34525, 64404, 70710, 45254, 17088, 72443 | 36055, 22360, 88022, 74431, 53254, 93037, 77897, 50039, 82292, 31622, 77278, 8944, 37202, 29732, 44000, 72111, 36055, 17888, 48332, 52611, 77175, 80000, 42801, 50039, 65115, 67230, 57688, 70767, 10770, 82073, 78025, 0, 72498, 62801, 31622, 44944, 86278, 92347, 78638, 26305, 68029, 79649, 67468, 56356, 14142, 97015, 104785, 50990, 40249, 78587, 34176, 34176, 12000, 82292, 102859, 44721, 64031, 14422, 54918, 85158, 8485 | 43863, 80919, 64031, 38832, 22000, 72277, 68029, 35777, 66483, 53814, 45122, 72718, 36878, 42941, 37202, 34525, 83737, 54626, 87132, 40496, 70000, 95707, 32249, 35777, 42047, 64498, 18110, 83952, 65513, 86209, 30463, 72498, 0, 20396, 73756, 79924, 90088, 46043, 41761, 52497, 58137, 68117, 16000, 16492, 68818, 53254, 78000, 75153, 81608, 50990, 38470, 54037, 68410, 66483, 80324, 31112, 84118, 60728, 63245, 47539, 69971 | 28635, 66241, 46518, 21633, 26907, 54626, 48373, 16970, 47539, 37735, 27784, 60728, 34176, 34000, 20591, 17204, 66603, 46043, 68410, 20591, 50159, 75312, 32249, 16970, 22090, 44181, 26076, 63560, 53851, 66030, 17888, 62801, 20396, 0, 56850, 61220, 70000, 34985, 25612, 38626, 38000, 48662, 5656, 20000, 55713, 41617, 62128, 55569, 63655, 33105, 30066, 37202, 62032, 47539, 63529, 18110, 63906, 54037, 43081, 32557, 58240 | 30000, 14560, 64280, 58821, 61741, 67468, 51419, 40000, 56885, 20000, 59228, 22803, 49477, 37363, 36769, 58309, 10000, 34058, 18110, 38470, 50000, 48414, 54405, 40000, 48083, 40792, 65299, 39698, 23409, 51613, 66211, 31622, 73756, 56850, 0, 13416, 55605, 76157, 62096, 23409, 44045, 53366, 62481, 61057, 17888, 78917, 79624, 20000, 10000, 58309, 40496, 19798, 42047, 56885, 76655, 42801, 32557, 39293, 28284, 67082, 23323 | 37947, 25612, 58309, 58309, 70880, 60033, 44000, 44407, 50039, 28635, 57271, 36055, 60299, 48166, 42941, 58821, 12649, 46690, 7211, 41036, 42047, 35383, 64776, 44407, 47707, 34234, 74000, 27784, 36769, 40249, 67201, 44944, 79924, 61220, 13416, 0, 43908, 74323, 60827, 34058, 39293, 46000, 66843, 69079, 31304, 75894, 72111, 10000, 6324, 55027, 50635, 27202, 55461, 50039, 68468, 50159, 20000, 52497, 23409, 64621, 36715 | 63560, 69339, 34409, 53366, 91782, 29732, 22803, 59228, 26832, 59363, 48083, 77897, 88022, 77820, 62641, 56885, 56356, 82097, 44944, 52952, 20396, 14560, 90443, 59228, 48041, 26305, 93059, 16124, 76419, 4472, 64031, 86278, 90088, 70000, 55605, 43908, 0, 60033, 52497, 66573, 32000, 23409, 74108, 86833, 72138, 57201, 38470, 35608, 50119, 42379, 78000, 56603, 95015, 26832, 33105, 70342, 24166, 90000, 34000, 50990, 77794 | 56320, 89106, 26000, 18000, 61220, 32984, 38418, 42426, 33286, 62032, 17088, 88000, 68876, 66483, 48662, 20396, 84118, 77665, 80498, 40000, 41231, 71217, 67230, 42426, 28284, 42801, 59464, 62225, 82097, 57688, 17204, 92347, 46043, 34985, 76157, 74323, 60033, 0, 14142, 66121, 36055, 37202, 34058, 54037, 82024, 7211, 34234, 65299, 79120, 20000, 63245, 60133, 94148, 33286, 38000, 50596, 66843, 86348, 50990, 10000, 86023 | 42755, 74966, 22360, 4472, 52497, 30594, 29732, 29120, 26305, 48000, 4472, 74027, 57688, 53851, 35440, 8485, 70228, 64560, 67230, 26076, 32310, 61773, 56850, 29120, 14142, 31240, 51613, 51613, 68264, 49396, 12000, 78638, 41761, 25612, 62096, 60827, 52497, 14142, 0, 52345, 24083, 29120, 26832, 45607, 68000, 18439, 36715, 52153, 65391, 10198, 50990, 46043, 81043, 26305, 38626, 38470, 55172, 73375, 37735, 7211, 72111 | 10198, 28425, 62609, 48166, 38470, 68264, 54037, 24083, 57688, 7211, 50990, 22360, 26305, 14142, 18439, 46000, 33105, 15620, 40447, 26305, 53814, 63906, 31048, 24083, 38832, 43863, 42190, 52801, 16000, 62128, 52345, 26305, 52497, 38626, 23409, 34058, 66573, 66121, 52345, 0, 43266, 55605, 43863, 38418, 17088, 70710, 79649, 34928, 32984, 52497, 17088, 10000, 30528, 57688, 78230, 21633, 48083, 24083, 32802, 58855, 20099 | 36769, 58309, 20396, 23323, 60728, 25059, 11661, 28635, 14422, 36715, 19798, 61351, 59363, 50990, 33286, 26000, 50358, 58412, 44944, 22360, 12649, 38626, 60827, 28635, 16124, 7211, 61611, 27784, 57271, 28071, 34000, 68029, 58137, 38000, 44045, 39293, 32000, 36055, 24083, 43266, 0, 12806, 42190, 55317, 55027, 36769, 36769, 29732, 44721, 16124, 50000, 34000, 73783, 14422, 34985, 40249, 31112, 67201, 16124, 26076, 60166 | 49517, 67911, 13416, 30265, 72801, 14142, 2000, 41182, 4472, 48826, 24738, 72498, 72111, 63780, 46043, 34058, 58137, 70936, 50358, 34985, 4472, 34058, 73430, 41182, 26683, 12649, 73375, 26076, 68963, 20591, 40792, 79649, 68117, 48662, 53366, 46000, 23409, 37202, 29120, 55605, 12806, 0, 52153, 67052, 66211, 35383, 26305, 36000, 52038, 18973, 62801, 46043, 86023, 4472, 23409, 52839, 32310, 79649, 25298, 27784, 71554 | 34000, 71693, 48703, 23409, 27202, 56920, 52038, 22627, 50635, 43266, 29732, 65787, 36878, 38209, 26076, 18973, 72249, 50358, 74027, 26076, 54000, 80049, 34176, 22627, 26076, 48662, 25455, 68410, 58821, 70256, 16970, 67468, 16000, 5656, 62481, 66843, 74108, 34058, 26832, 43863, 42190, 52153, 0, 20000, 60926, 41036, 63529, 61057, 69310, 35440, 34058, 42801, 66030, 50635, 65391, 22803, 69079, 58034, 48332, 33286, 63245 | 31304, 66483, 66241, 41617, 7211, 74242, 66483, 28000, 66483, 41182, 47707, 57201, 20396, 27202, 26683, 37202, 71021, 38470, 76157, 34058, 67911, 90022, 16000, 28000, 40496, 60530, 6324, 78025, 50000, 82607, 36878, 56356, 16492, 20000, 61057, 69079, 86833, 54037, 45607, 38418, 55317, 67052, 20000, 0, 53814, 60959, 82097, 65969, 69771, 52839, 22803, 42047, 51923, 66483, 83354, 18973, 76655, 44271, 56142, 52497, 54405 | 27202, 13416, 75286, 64031, 52497, 79849, 64404, 40792, 69079, 20000, 66121, 6324, 37735, 26907, 35440, 62289, 24083, 18973, 35440, 42047, 63529, 66030, 43266, 40792, 54037, 53665, 56639, 56639, 6000, 67941, 69050, 14142, 68818, 55713, 17888, 31304, 72138, 82024, 68000, 17088, 55027, 66211, 60926, 53814, 0, 86092, 91760, 36878, 27202, 66753, 31112, 22090, 24166, 69079, 89554, 38470, 50000, 22090, 41182, 74108, 5656 | 61188, 92347, 22803, 22803, 68117, 28635, 36878, 47539, 31112, 66121, 20000, 92195, 75179, 72111, 53851, 26000, 86348, 82969, 81706, 44407, 39698, 69310, 73783, 47539, 32062, 42941, 66483, 61220, 86579, 55317, 24083, 97015, 53254, 41617, 78917, 75894, 57201, 7211, 18439, 70710, 36769, 35383, 41036, 60959, 86092, 0, 28000, 66483, 81043, 20880, 69079, 64031, 99458, 31112, 32249, 56462, 66573, 91760, 52497, 12000, 90354 | 72111, 94148, 17204, 40496, 88814, 12165, 28284, 60959, 22803, 73348, 34409, 98081, 91934, 85603, 66843, 44944, 84380, 94339, 76026, 55605, 30066, 52801, 92021, 60959, 43863, 38832, 88204, 49030, 94021, 38626, 47539, 104785, 78000, 62128, 79624, 72111, 38470, 34234, 36715, 79649, 36769, 26305, 63529, 82097, 91760, 28000, 0, 62128, 78230, 29732, 83737, 70682, 110145, 22803, 5656, 72138, 56568, 103247, 51419, 30463, 96932 | 36055, 34000, 48373, 50000, 68731, 50039, 34000, 39395, 40049, 28284, 48373, 42426, 60133, 48373, 39293, 50990, 22360, 49396, 15231, 34985, 32062, 29529, 64000, 39395, 39698, 24331, 71386, 19798, 41617, 31622, 59464, 50990, 75153, 55569, 20000, 10000, 35608, 65299, 52153, 34928, 29732, 36000, 61057, 65969, 36878, 66483, 62128, 0, 16124, 45694, 50039, 26076, 60464, 40049, 58549, 47074, 13416, 56356, 14422, 55461, 42520 | 38470, 19798, 64124, 62609, 70936, 66121, 50039, 46690, 56000, 28635, 62032, 31304, 59228, 47074, 44407, 62769, 6324, 44045, 8246, 44045, 48166, 41036, 64031, 46690, 51884, 40049, 74323, 34000, 32984, 46518, 71021, 40249, 81608, 63655, 10000, 6324, 50119, 79120, 65391, 32984, 44721, 52038, 69310, 69771, 27202, 81043, 78230, 16124, 0, 60166, 50000, 27784, 51264, 56000, 74672, 51107, 26076, 49030, 28635, 69570, 32310 | 43863, 72027, 13416, 12165, 59363, 21540, 19697, 31622, 16124, 47074, 6000, 72993, 62289, 56603, 37735, 16492, 65513, 66211, 60926, 26832, 22360, 52153, 62289, 31622, 14422, 22803, 59059, 42520, 67911, 39395, 22090, 78587, 50990, 33105, 58309, 55027, 42379, 20000, 10198, 52497, 16124, 18973, 35440, 52839, 66753, 20880, 29732, 45694, 60166, 0, 54405, 44721, 82462, 16124, 30528, 42520, 46861, 75153, 31622, 10000, 71386 | 14560, 44045, 66603, 46518, 21633, 73539, 61611, 22803, 63780, 22090, 51107, 34409, 10198, 4472, 16970, 43081, 50159, 16492, 57271, 28284, 62128, 77665, 14142, 22803, 40000, 52839, 25612, 65969, 27202, 73539, 47074, 34176, 38470, 30066, 40496, 50635, 78000, 63245, 50990, 17088, 50000, 62801, 34058, 22803, 31112, 69079, 83737, 50039, 50000, 54405, 0, 24000, 32000, 63780, 83450, 12649, 62513, 24000, 44271, 58137, 31622 | 10770, 29732, 53851, 42190, 43680, 59059, 44407, 20591, 48373, 2828, 44045, 28284, 34058, 22360, 16970, 40792, 29732, 25612, 34176, 20396, 44045, 54405, 38052, 20591, 32000, 34058, 46818, 43081, 23409, 52153, 48083, 34176, 54037, 37202, 19798, 27202, 56603, 60133, 46043, 10000, 34000, 46043, 42801, 42047, 22090, 64031, 70682, 26076, 27784, 44721, 24000, 0, 40000, 48373, 68963, 23323, 38832, 33941, 22803, 52038, 26683 | 38626, 34234, 93059, 76655, 47539, 98792, 84403, 51923, 88204, 37202, 80324, 20396, 31622, 28071, 45607, 73756, 47539, 16492, 59464, 55713, 84023, 89888, 36769, 51923, 68352, 74027, 52000, 80000, 18867, 90686, 78638, 12000, 68410, 62032, 42047, 55461, 95015, 94148, 81043, 30528, 73783, 86023, 66030, 51923, 24166, 99458, 110145, 60464, 51264, 82462, 32000, 40000, 0, 88204, 108756, 44181, 73783, 8000, 62289, 87931, 18973 | 50990, 71386, 8944, 28000, 72498, 10770, 6324, 41617, 0, 51107, 22090, 75392, 72801, 65053, 46861, 32062, 62032, 72801, 54589, 35608, 8944, 38209, 73783, 41617, 26000, 16124, 72801, 30528, 71554, 24413, 38209, 82292, 66483, 47539, 56885, 50039, 26832, 33286, 26305, 57688, 14422, 4472, 50635, 66483, 69079, 31112, 22803, 40049, 56000, 16124, 63780, 48373, 88204, 0, 20591, 53254, 36769, 81608, 28635, 24166, 74323 | 71217, 91214, 17204, 42047, 89888, 10000, 25298, 60827, 20591, 71693, 35777, 95854, 92021, 85041, 66483, 46518, 80894, 93230, 72027, 55172, 26683, 47539, 92455, 60827, 44045, 36055, 89554, 44407, 92130, 33526, 50000, 102859, 80324, 63529, 76655, 68468, 33105, 38000, 38626, 78230, 34985, 23409, 65391, 83354, 89554, 32249, 5656, 58549, 74672, 30528, 83450, 68963, 108756, 20591, 0, 72249, 52153, 102078, 48703, 32984, 94847 | 12806, 50000, 55172, 34000, 22000, 62481, 51884, 11661, 53254, 22803, 38832, 43081, 19798, 16124, 8000, 30463, 52801, 28000, 57271, 17888, 52801, 72111, 20591, 11661, 28284, 44271, 24331, 60133, 36055, 65969, 34525, 44721, 31112, 18110, 42801, 50159, 70342, 50596, 38470, 21633, 40249, 52839, 22803, 18973, 38470, 56462, 72138, 47074, 51107, 42520, 12649, 23323, 44181, 53254, 72249, 0, 58137, 36221, 38052, 45650, 40496 | 48166, 45607, 45694, 54037, 80099, 45122, 30463, 49030, 36769, 41231, 50911, 55317, 72691, 61188, 50159, 56035, 32249, 62769, 20880, 43680, 27856, 16124, 76236, 49030, 44944, 24083, 82389, 8246, 54918, 20880, 64404, 64031, 84118, 63906, 32557, 20000, 24166, 66843, 55172, 48083, 31112, 32310, 69079, 76655, 50000, 66573, 56568, 13416, 26076, 46861, 62513, 38832, 73783, 36769, 52153, 58137, 0, 69771, 20880, 56850, 55605 | 31304, 34234, 86092, 68963, 40249, 92086, 78102, 44271, 81608, 31112, 72801, 20396, 24166, 20099, 37947, 65969, 46173, 8944, 57271, 48332, 77897, 85883, 29529, 44271, 60926, 67941, 44721, 75471, 16124, 85603, 70710, 14422, 60728, 54037, 39293, 52497, 90000, 86348, 73375, 24083, 67201, 79649, 58034, 44271, 22090, 91760, 103247, 56356, 49030, 75153, 24000, 33941, 8000, 81608, 102078, 36221, 69771, 0, 56639, 80324, 18110 | 29732, 42755, 36055, 35608, 60033, 39293, 23409, 28284, 28635, 25612, 34000, 47413, 54405, 43863, 30066, 36769, 34234, 48414, 29529, 22803, 22360, 34058, 57271, 28284, 25455, 12649, 62032, 22090, 44407, 29529, 45254, 54918, 63245, 43081, 28284, 23409, 34000, 50990, 37735, 32802, 16124, 25298, 48332, 56142, 41182, 52497, 51419, 14422, 28635, 31622, 44271, 22803, 62289, 28635, 48703, 38052, 20880, 56639, 0, 41231, 46647 | 49477, 80399, 18110, 11661, 59464, 26000, 28844, 36055, 24166, 54147, 8000, 80224, 64899, 60926, 42379, 15620, 74726, 71470, 70682, 32557, 31622, 61611, 64031, 36055, 20099, 32802, 58412, 52345, 74672, 48373, 17088, 85158, 47539, 32557, 67082, 64621, 50990, 10000, 7211, 58855, 26076, 27784, 33286, 52497, 74108, 12000, 30463, 55461, 69570, 10000, 58137, 52038, 87931, 24166, 32984, 45650, 56850, 80324, 41231, 0, 78409 | 30265, 16124, 80324, 68029, 52345, 85088, 69771, 44181, 74323, 24331, 70455, 2828, 36878, 27202, 38470, 66030, 28635, 17204, 40496, 46043, 68963, 71610, 42520, 44181, 58309, 59059, 56639, 62289, 4472, 73593, 72443, 8485, 69971, 58240, 23323, 36715, 77794, 86023, 72111, 20099, 60166, 71554, 63245, 54405, 5656, 90354, 96932, 42520, 32310, 71386, 31622, 26683, 18973, 74323, 94847, 40496, 55605, 18110, 46647, 78409, 0 |];
lower_b = 144222;
upper_b = 5202576;
